0 0.41875 0.175781 0.0296875 0.0683594
0 0.425 0.294922 0.0265625 0.0605469
0 0.40625 0.0566406 0.0359375 0.0644531
0 0.423438 0.53125 0.0234375 0.0566406
0 0.190625 0.341797 0.0328125 0.0683594
0 0.425 0.429688 0.0234375 0.0605469
0 0.403125 0.904297 0.0296875 0.0800781
0 0.101563 0.859375 0.0359375 0.0644531
3 0.679688 0.707031 0.0265625 0.0253906
3 0.5625 0.591797 0.0203125 0.0371094
3 0.773438 0.84375 0.0328125 0.0292969
3 0.5625 0.804688 0.0328125 0.0332031
3 0.528125 0.736328 0.0296875 0.0332031
