0 0.429688 0.347656 0.0265625 0.0605469
0 0.409375 0.105469 0.0359375 0.0644531
0 0.425 0.580078 0.0234375 0.0566406
0 0.426563 0.476563 0.0234375 0.0605469
0 0.4 0.96875 0.0296875 0.0605469
0 0.104688 0.888672 0.0359375 0.0683594
3 0.68125 0.751953 0.0234375 0.0292969
0 0.421875 0.232422 0.0234375 0.0644531
0 0.196875 0.355469 0.0328125 0.0683594
3 0.5625 0.634766 0.0203125 0.0371094
3 0.773438 0.890625 0.0328125 0.0292969
3 0.5625 0.851563 0.0328125 0.0332031
3 0.528125 0.78125 0.0296875 0.0332031
