0 0.428125 0.345703 0.0265625 0.0605469
0 0.426563 0.580078 0.0234375 0.0566406
0 0.426563 0.476563 0.0234375 0.0605469
0 0.196875 0.355469 0.0328125 0.0683594
0 0.10625 0.888672 0.0359375 0.0683594
0 0.407813 0.105469 0.0265625 0.0644531
0 0.4 0.966797 0.0296875 0.0644531
0 0.421875 0.230469 0.0234375 0.0644531
3 0.68125 0.75 0.0265625 0.0292969
3 0.564063 0.847656 0.0328125 0.0332031
3 0.5625 0.632813 0.0203125 0.0371094
3 0.528125 0.78125 0.0296875 0.0332031
3 0.773438 0.890625 0.0359375 0.0292969
