0 0.426563 0.53125 0.0265625 0.0605469
0 0.3875 0.0566406 0.0296875 0.0605469
3 0.684375 0.84375 0.0140625 0.0371094
0 0.425 0.421875 0.0234375 0.0644531
0 0.21875 0.339844 0.0296875 0.0644531
0 0.171875 0.601563 0.0328125 0.0644531
0 0.423438 0.757813 0.0234375 0.0566406
3 0.565625 0.953125 0.0359375 0.0332031
3 0.553125 0.714844 0.0265625 0.0332031
0 0.415625 0.300781 0.0265625 0.0644531
3 0.532813 0.884766 0.0328125 0.0371094
0 0.426563 0.648438 0.0234375 0.0605469
3 0.745313 0.972656 0.0265625 0.0488281
