0 0.429688 0.332031 0.0265625 0.0605469
0 0.421875 0.214844 0.0296875 0.0683594
0 0.407813 0.0917969 0.0359375 0.0644531
0 0.10625 0.876953 0.0359375 0.0683594
0 0.196875 0.351563 0.0328125 0.0683594
0 0.403125 0.955078 0.0296875 0.0800781
0 0.426563 0.566406 0.0234375 0.0566406
0 0.428125 0.462891 0.0234375 0.0605469
3 0.564063 0.621094 0.0203125 0.0371094
3 0.564063 0.837891 0.0328125 0.0332031
3 0.775 0.875 0.0328125 0.0332031
3 0.682813 0.738281 0.0234375 0.0292969
3 0.53125 0.767578 0.0296875 0.0332031
