0 0.3875 0.03125 0.0296875 0.0605469
0 0.425 0.511719 0.0265625 0.0605469
0 0.221875 0.291016 0.0265625 0.0644531
0 0.178125 0.546875 0.0328125 0.0644531
0 0.426563 0.404297 0.0234375 0.0644531
3 0.682813 0.822266 0.0140625 0.0371094
0 0.415625 0.28125 0.0265625 0.0644531
3 0.742188 0.953125 0.0234375 0.0449219
0 0.425 0.626953 0.0234375 0.0644531
0 0.421875 0.736328 0.0234375 0.0566406
3 0.553125 0.689453 0.0234375 0.0332031
3 0.564063 0.931641 0.0359375 0.0292969
3 0.53125 0.859375 0.0328125 0.0332031
