0 0.425 0.503906 0.0265625 0.0605469
0 0.3875 0.0292969 0.0296875 0.0605469
0 0.421875 0.732422 0.0234375 0.0605469
0 0.415625 0.277344 0.0265625 0.0644531
0 0.221875 0.275391 0.0265625 0.0644531
3 0.742188 0.945313 0.0234375 0.0488281
0 0.179688 0.53125 0.0296875 0.0644531
0 0.425 0.398438 0.0234375 0.0644531
3 0.682813 0.8125 0.0140625 0.0371094
3 0.565625 0.923828 0.0359375 0.0292969
0 0.423438 0.625 0.0234375 0.0605469
3 0.55 0.685547 0.0234375 0.0332031
3 0.53125 0.855469 0.0328125 0.0332031
