0 0.409375 0.0957031 0.0359375 0.0644531
0 0.429688 0.339844 0.0265625 0.0605469
0 0.426563 0.574219 0.0234375 0.0566406
0 0.421875 0.220703 0.0265625 0.0644531
0 0.403125 0.962891 0.0296875 0.0722656
0 0.196875 0.351563 0.0328125 0.0644531
0 0.10625 0.882813 0.0359375 0.0683594
3 0.564063 0.625 0.0203125 0.0371094
0 0.428125 0.46875 0.0234375 0.0605469
3 0.68125 0.748047 0.0265625 0.0292969
3 0.53125 0.777344 0.0296875 0.0371094
3 0.773438 0.884766 0.0359375 0.0292969
3 0.564063 0.84375 0.0328125 0.0332031
