0 0.428125 0.277344 0.0265625 0.0605469
0 0.426563 0.414063 0.0234375 0.0605469
0 0.425 0.515625 0.0234375 0.0605469
0 0.40625 0.0410156 0.0265625 0.0644531
0 0.101563 0.851563 0.0359375 0.0683594
0 0.190625 0.335938 0.0328125 0.0683594
3 0.68125 0.697266 0.0296875 0.0253906
0 0.41875 0.164063 0.0265625 0.0644531
3 0.564063 0.578125 0.0203125 0.0371094
3 0.773438 0.830078 0.0328125 0.0292969
0 0.403125 0.884766 0.0296875 0.0800781
3 0.5625 0.791016 0.0328125 0.0332031
3 0.528125 0.722656 0.0328125 0.0332031
