0 0.423438 0.486328 0.0265625 0.0605469
0 0.384375 0.0214844 0.0296875 0.0449219
0 0.414063 0.261719 0.0265625 0.0644531
0 0.221875 0.234375 0.0265625 0.0644531
3 0.682813 0.792969 0.0140625 0.0371094
0 0.423438 0.382813 0.0234375 0.0644531
0 0.18125 0.488281 0.0296875 0.0644531
0 0.421875 0.714844 0.0234375 0.0566406
3 0.55 0.664063 0.0234375 0.0332031
3 0.740625 0.921875 0.0203125 0.0449219
0 0.423438 0.607422 0.0234375 0.0644531
3 0.564063 0.902344 0.0359375 0.0332031
3 0.53125 0.832031 0.0296875 0.0332031
