0 0.407813 0.113281 0.0359375 0.0644531
0 0.428125 0.359375 0.0265625 0.0605469
0 0.426563 0.482422 0.0234375 0.0644531
0 0.10625 0.892578 0.0359375 0.0683594
0 0.41875 0.242188 0.0265625 0.0644531
3 0.68125 0.759766 0.0234375 0.0292969
0 0.425 0.589844 0.0234375 0.0566406
0 0.196875 0.357422 0.0328125 0.0683594
0 0.403125 0.972656 0.0265625 0.0488281
3 0.559375 0.640625 0.0203125 0.0371094
3 0.528125 0.791016 0.0296875 0.0371094
3 0.5625 0.857422 0.0328125 0.0332031
3 0.773438 0.898438 0.0328125 0.0292969
