0 0.429688 0.34375 0.0265625 0.0605469
0 0.426563 0.578125 0.0234375 0.0566406
0 0.10625 0.884766 0.0328125 0.0683594
0 0.421875 0.226563 0.0265625 0.0644531
0 0.426563 0.470703 0.0234375 0.0605469
0 0.4 0.964844 0.0296875 0.0683594
3 0.68125 0.75 0.0234375 0.0292969
0 0.407813 0.101563 0.0265625 0.0644531
0 0.196875 0.355469 0.0328125 0.0683594
3 0.5625 0.628906 0.0203125 0.0371094
3 0.5625 0.84375 0.0328125 0.0332031
3 0.528125 0.779297 0.0296875 0.0371094
3 0.773438 0.886719 0.0328125 0.0292969
