0 0.4125 0.251953 0.0265625 0.0644531
0 0.41875 0.482422 0.0265625 0.0605469
0 0.38125 0.0175781 0.0296875 0.0371094
0 0.41875 0.707031 0.0234375 0.0605469
0 0.21875 0.21875 0.0265625 0.0644531
3 0.7375 0.916016 0.0203125 0.0449219
3 0.679688 0.783203 0.0140625 0.0371094
0 0.41875 0.375 0.0234375 0.0644531
0 0.18125 0.476563 0.0296875 0.0644531
3 0.546875 0.65625 0.0234375 0.0332031
0 0.41875 0.603516 0.0234375 0.0605469
3 0.5625 0.894531 0.0359375 0.0292969
3 0.528125 0.826172 0.0328125 0.0332031
