0 0.41875 0.1875 0.0296875 0.0683594
0 0.426563 0.306641 0.0265625 0.0605469
0 0.425 0.542969 0.0234375 0.0566406
0 0.426563 0.4375 0.0234375 0.0605469
0 0.19375 0.34375 0.0328125 0.0683594
0 0.103125 0.863281 0.0359375 0.0683594
3 0.564063 0.597656 0.0203125 0.0371094
0 0.403125 0.919922 0.0296875 0.0800781
3 0.68125 0.71875 0.0265625 0.0253906
0 0.40625 0.0644531 0.0265625 0.0644531
3 0.53125 0.746094 0.0296875 0.0332031
3 0.773438 0.853516 0.0328125 0.0332031
3 0.5625 0.8125 0.0328125 0.0332031
