0 0.403125 0.0332031 0.0359375 0.0644531
0 0.425 0.269531 0.0265625 0.0605469
0 0.423438 0.511719 0.0234375 0.0566406
0 0.425 0.408203 0.0234375 0.0605469
0 0.41875 0.158203 0.0265625 0.0644531
0 0.096875 0.845703 0.0359375 0.0683594
3 0.5625 0.574219 0.0203125 0.0371094
0 0.1875 0.335938 0.0328125 0.0683594
0 0.403125 0.873047 0.0265625 0.0800781
3 0.679688 0.689453 0.0296875 0.0175781
3 0.559375 0.783203 0.0328125 0.0332031
3 0.528125 0.71875 0.0328125 0.0332031
3 0.773438 0.824219 0.0328125 0.0292969
