0 0.426563 0.275391 0.0265625 0.0605469
0 0.407813 0.0351563 0.0359375 0.0644531
0 0.423438 0.513672 0.0234375 0.0566406
0 0.425 0.410156 0.0234375 0.0605469
0 0.1875 0.335938 0.0328125 0.0683594
3 0.679688 0.695313 0.0296875 0.0214844
0 0.41875 0.160156 0.0234375 0.0644531
0 0.4 0.876953 0.0296875 0.0800781
3 0.5625 0.576172 0.0203125 0.0371094
0 0.096875 0.847656 0.0359375 0.0683594
3 0.528125 0.720703 0.0328125 0.0332031
3 0.559375 0.785156 0.0328125 0.0332031
3 0.771875 0.828125 0.0328125 0.0292969
