0 0.41875 0.171875 0.0296875 0.0683594
0 0.101563 0.853516 0.0328125 0.0683594
0 0.425 0.289063 0.0265625 0.0605469
0 0.40625 0.0507813 0.0359375 0.0644531
0 0.425 0.525391 0.0203125 0.0566406
0 0.190625 0.339844 0.0328125 0.0683594
3 0.679688 0.703125 0.0265625 0.0253906
0 0.425 0.421875 0.0234375 0.0605469
3 0.559375 0.796875 0.0328125 0.0332031
3 0.5625 0.585938 0.0203125 0.0371094
0 0.403125 0.892578 0.0296875 0.0800781
3 0.528125 0.732422 0.0296875 0.0332031
3 0.773438 0.837891 0.0328125 0.0292969
