0 0.421875 0.480469 0.0265625 0.0605469
0 0.41875 0.705078 0.0234375 0.0566406
0 0.38125 0.015625 0.0296875 0.0332031
0 0.21875 0.216797 0.0265625 0.0644531
0 0.421875 0.375 0.0234375 0.0644531
3 0.682813 0.783203 0.0140625 0.0371094
0 0.410938 0.251953 0.0265625 0.0644531
0 0.18125 0.46875 0.0296875 0.0644531
3 0.740625 0.914063 0.0203125 0.0449219
0 0.421875 0.601563 0.0234375 0.0644531
3 0.55 0.65625 0.0234375 0.0332031
3 0.53125 0.826172 0.0296875 0.0332031
3 0.564063 0.892578 0.0359375 0.0332031
