0 0.415625 0.28125 0.0265625 0.0644531
0 0.3875 0.03125 0.0296875 0.0605469
0 0.428125 0.511719 0.0265625 0.0605469
0 0.223438 0.28125 0.0265625 0.0644531
0 0.18125 0.541016 0.0296875 0.0644531
3 0.684375 0.816406 0.0140625 0.0371094
0 0.425 0.734375 0.0234375 0.0566406
0 0.426563 0.402344 0.0234375 0.0644531
3 0.745313 0.949219 0.0203125 0.0488281
0 0.426563 0.625 0.0234375 0.0644531
3 0.554688 0.6875 0.0234375 0.0332031
3 0.565625 0.925781 0.0359375 0.0332031
3 0.534375 0.859375 0.0296875 0.0332031
