0 0.425 0.511719 0.0265625 0.0605469
0 0.3875 0.03125 0.0296875 0.0605469
0 0.221875 0.285156 0.0265625 0.0644531
0 0.415625 0.28125 0.0265625 0.0644531
0 0.178125 0.544922 0.0328125 0.0644531
3 0.684375 0.816406 0.0140625 0.0371094
0 0.425 0.626953 0.0234375 0.0605469
0 0.425 0.402344 0.0234375 0.0644531
0 0.421875 0.734375 0.0234375 0.0566406
3 0.565625 0.925781 0.0359375 0.0332031
3 0.74375 0.949219 0.0234375 0.0488281
3 0.553125 0.6875 0.0234375 0.0332031
3 0.532813 0.859375 0.0328125 0.0332031
