0 0.101563 0.853516 0.0328125 0.0683594
0 0.403125 0.888672 0.0296875 0.0800781
0 0.426563 0.28125 0.0265625 0.0605469
0 0.425 0.417969 0.0234375 0.0605469
0 0.41875 0.167969 0.0265625 0.0644531
0 0.425 0.517578 0.0234375 0.0605469
0 0.190625 0.337891 0.0328125 0.0683594
3 0.5625 0.794922 0.0328125 0.0332031
0 0.403125 0.0449219 0.0296875 0.0644531
3 0.5625 0.580078 0.0203125 0.0371094
3 0.68125 0.701172 0.0265625 0.0253906
3 0.773438 0.835938 0.0328125 0.0292969
3 0.528125 0.728516 0.0296875 0.0332031
