0 0.426563 0.279297 0.0265625 0.0605469
0 0.40625 0.0429688 0.0359375 0.0644531
0 0.1 0.847656 0.0359375 0.0644531
3 0.68125 0.697266 0.0265625 0.0214844
0 0.425 0.515625 0.0234375 0.0566406
0 0.425 0.416016 0.0234375 0.0605469
0 0.1875 0.339844 0.0328125 0.0683594
0 0.403125 0.876953 0.0296875 0.0800781
3 0.5625 0.578125 0.0203125 0.0332031
0 0.41875 0.166016 0.0265625 0.0644531
3 0.559375 0.789063 0.0328125 0.0332031
3 0.773438 0.828125 0.0328125 0.0292969
3 0.528125 0.722656 0.0296875 0.0332031
