0 0.384375 0.0429688 0.0296875 0.0605469
0 0.425 0.517578 0.0265625 0.0605469
0 0.425 0.634766 0.0234375 0.0605469
0 0.415625 0.289063 0.0265625 0.0644531
0 0.21875 0.308594 0.0265625 0.0644531
0 0.176563 0.566406 0.0296875 0.0644531
0 0.425 0.408203 0.0234375 0.0644531
3 0.565625 0.9375 0.0359375 0.0332031
3 0.684375 0.828125 0.0140625 0.0371094
0 0.423438 0.746094 0.0234375 0.0566406
3 0.553125 0.699219 0.0265625 0.0332031
3 0.532813 0.871094 0.0328125 0.0371094
3 0.745313 0.960938 0.0234375 0.0488281
