0 0.426563 0.503906 0.0265625 0.0605469
0 0.415625 0.277344 0.0265625 0.0644531
0 0.221875 0.273438 0.0265625 0.0644531
0 0.425 0.398438 0.0234375 0.0644531
3 0.684375 0.8125 0.0140625 0.0371094
3 0.74375 0.941406 0.0203125 0.0488281
0 0.425 0.623047 0.0234375 0.0605469
0 0.423438 0.730469 0.0234375 0.0566406
3 0.565625 0.921875 0.0359375 0.0292969
0 0.179688 0.529297 0.0328125 0.0644531
3 0.553125 0.681641 0.0234375 0.0332031
0 0.3875 0.03125 0.0265625 0.0605469
3 0.532813 0.851563 0.0296875 0.0332031
