0 0.3875 0.03125 0.0296875 0.0605469
0 0.426563 0.507813 0.0265625 0.0605469
0 0.223438 0.28125 0.0265625 0.0644531
0 0.426563 0.400391 0.0234375 0.0644531
3 0.684375 0.814453 0.0140625 0.0371094
0 0.179688 0.535156 0.0328125 0.0644531
0 0.423438 0.732422 0.0234375 0.0605469
0 0.415625 0.279297 0.0265625 0.0644531
3 0.742188 0.945313 0.0234375 0.0488281
3 0.553125 0.685547 0.0234375 0.0332031
3 0.565625 0.921875 0.0359375 0.0332031
0 0.426563 0.625 0.0234375 0.0644531
3 0.53125 0.855469 0.0328125 0.0332031
