0 0.423438 0.480469 0.0265625 0.0605469
0 0.421875 0.373047 0.0234375 0.0644531
0 0.382813 0.015625 0.0296875 0.0332031
0 0.21875 0.214844 0.0265625 0.0644531
3 0.682813 0.78125 0.0140625 0.0371094
3 0.740625 0.910156 0.0203125 0.0488281
0 0.414063 0.25 0.0265625 0.0644531
0 0.41875 0.705078 0.0234375 0.0566406
0 0.184375 0.46875 0.0296875 0.0644531
0 0.421875 0.601563 0.0234375 0.0605469
3 0.55 0.654297 0.0234375 0.0332031
3 0.53125 0.824219 0.0296875 0.0332031
3 0.564063 0.892578 0.0359375 0.0292969
