0 0.421875 0.476563 0.0265625 0.0605469
0 0.38125 0.015625 0.0296875 0.0332031
0 0.21875 0.207031 0.0265625 0.0644531
0 0.410938 0.25 0.0265625 0.0644531
0 0.18125 0.462891 0.0328125 0.0644531
3 0.68125 0.779297 0.0140625 0.0371094
3 0.740625 0.90625 0.0171875 0.0488281
0 0.41875 0.703125 0.0234375 0.0605469
0 0.421875 0.371094 0.0234375 0.0644531
0 0.421875 0.595703 0.0234375 0.0644531
3 0.564063 0.890625 0.0359375 0.0292969
3 0.548438 0.650391 0.0234375 0.0332031
3 0.528125 0.820313 0.0328125 0.0332031
