0 0.41875 0.183594 0.0296875 0.0683594
0 0.426563 0.296875 0.0265625 0.0605469
0 0.425 0.533203 0.0234375 0.0566406
0 0.40625 0.0605469 0.0265625 0.0644531
3 0.68125 0.710938 0.0265625 0.0253906
0 0.192188 0.34375 0.0328125 0.0683594
0 0.403125 0.90625 0.0296875 0.0800781
0 0.426563 0.433594 0.0234375 0.0605469
3 0.528125 0.738281 0.0296875 0.0332031
0 0.101563 0.859375 0.0359375 0.0683594
3 0.773438 0.84375 0.0328125 0.0292969
3 0.5625 0.59375 0.0203125 0.0371094
3 0.5625 0.804688 0.0328125 0.0332031
