0 0.41875 0.203125 0.0296875 0.0683594
0 0.407813 0.078125 0.0359375 0.0644531
0 0.428125 0.322266 0.0265625 0.0605469
0 0.195313 0.345703 0.0328125 0.0683594
0 0.425 0.556641 0.0234375 0.0566406
0 0.426563 0.453125 0.0234375 0.0605469
0 0.403125 0.939453 0.0296875 0.0800781
3 0.68125 0.730469 0.0234375 0.0292969
0 0.104688 0.873047 0.0328125 0.0683594
3 0.5625 0.609375 0.0203125 0.0371094
3 0.5625 0.828125 0.0328125 0.0332031
3 0.773438 0.867188 0.0328125 0.0332031
3 0.528125 0.759766 0.0296875 0.0332031
