0 0.428125 0.328125 0.0265625 0.0605469
0 0.41875 0.210938 0.0296875 0.0683594
0 0.407813 0.0878906 0.0359375 0.0644531
3 0.679688 0.736328 0.0265625 0.0292969
0 0.425 0.5625 0.0234375 0.0566406
0 0.104688 0.875 0.0359375 0.0683594
0 0.426563 0.460938 0.0234375 0.0605469
0 0.4 0.951172 0.0296875 0.0800781
3 0.528125 0.765625 0.0296875 0.0371094
3 0.5625 0.832031 0.0328125 0.0332031
0 0.195313 0.351563 0.0328125 0.0683594
3 0.5625 0.619141 0.0203125 0.0371094
3 0.773438 0.875 0.0328125 0.0292969
