0 0.425 0.515625 0.0265625 0.0605469
0 0.384375 0.0351563 0.0296875 0.0605469
0 0.415625 0.285156 0.0265625 0.0644531
0 0.21875 0.296875 0.0265625 0.0644531
0 0.176563 0.556641 0.0328125 0.0644531
3 0.684375 0.824219 0.0140625 0.0371094
0 0.423438 0.738281 0.0234375 0.0605469
0 0.425 0.632813 0.0234375 0.0605469
3 0.745313 0.953125 0.0203125 0.0488281
0 0.425 0.40625 0.0234375 0.0644531
3 0.532813 0.863281 0.0328125 0.0371094
3 0.553125 0.691406 0.0234375 0.0332031
3 0.565625 0.933594 0.0359375 0.0332031
