0 0.423438 0.484375 0.0265625 0.0605469
0 0.38125 0.0195313 0.0296875 0.0410156
0 0.421875 0.605469 0.0234375 0.0605469
0 0.421875 0.378906 0.0234375 0.0644531
3 0.682813 0.789063 0.0140625 0.0371094
0 0.4125 0.257813 0.0265625 0.0644531
0 0.21875 0.228516 0.0265625 0.0644531
0 0.18125 0.484375 0.0296875 0.0644531
0 0.421875 0.712891 0.0234375 0.0566406
3 0.742188 0.919922 0.0203125 0.0449219
3 0.55 0.660156 0.0234375 0.0332031
3 0.53125 0.830078 0.0328125 0.0332031
3 0.565625 0.900391 0.0359375 0.0292969
