0 0.407813 0.046875 0.0359375 0.0644531
0 0.428125 0.285156 0.0265625 0.0605469
0 0.403125 0.888672 0.0296875 0.0800781
0 0.101563 0.853516 0.0359375 0.0683594
0 0.426563 0.523438 0.0234375 0.0566406
0 0.192188 0.339844 0.0328125 0.0683594
3 0.682813 0.701172 0.0265625 0.0253906
0 0.421875 0.171875 0.0234375 0.0644531
3 0.564063 0.582031 0.0203125 0.0371094
0 0.426563 0.421875 0.0234375 0.0605469
3 0.775 0.835938 0.0328125 0.0292969
3 0.5625 0.794922 0.0328125 0.0332031
3 0.53125 0.728516 0.0296875 0.0332031
