0 0.41875 0.171875 0.0296875 0.0683594
0 0.426563 0.285156 0.0265625 0.0605469
0 0.407813 0.046875 0.0359375 0.0644531
0 0.425 0.525391 0.0234375 0.0566406
0 0.192188 0.337891 0.0328125 0.0683594
0 0.1 0.857422 0.0359375 0.0683594
3 0.679688 0.703125 0.0265625 0.0253906
0 0.4 0.892578 0.0296875 0.0800781
3 0.5625 0.585938 0.0203125 0.0371094
0 0.425 0.421875 0.0234375 0.0644531
3 0.528125 0.732422 0.0328125 0.0332031
3 0.771875 0.839844 0.0328125 0.0292969
3 0.559375 0.796875 0.0328125 0.0332031
