0 0.429688 0.357422 0.0265625 0.0605469
0 0.409375 0.109375 0.0359375 0.0644531
0 0.421875 0.236328 0.0265625 0.0644531
0 0.426563 0.589844 0.0234375 0.0566406
0 0.403125 0.970703 0.0265625 0.0488281
0 0.428125 0.482422 0.0234375 0.0644531
3 0.5625 0.640625 0.0203125 0.0371094
3 0.68125 0.759766 0.0234375 0.0292969
0 0.2 0.357422 0.0328125 0.0683594
0 0.10625 0.892578 0.0359375 0.0683594
3 0.773438 0.898438 0.0328125 0.0292969
3 0.5625 0.857422 0.0328125 0.0332031
3 0.528125 0.791016 0.0296875 0.0371094
