0 0.407813 0.0722656 0.0359375 0.0644531
0 0.426563 0.310547 0.0265625 0.0605469
0 0.425 0.544922 0.0234375 0.0566406
0 0.19375 0.34375 0.0328125 0.0683594
0 0.103125 0.867188 0.0359375 0.0683594
3 0.68125 0.71875 0.0265625 0.0253906
0 0.403125 0.921875 0.0296875 0.0800781
3 0.5625 0.601563 0.0203125 0.0332031
0 0.426563 0.441406 0.0234375 0.0605469
0 0.41875 0.195313 0.0234375 0.0644531
3 0.5625 0.814453 0.0328125 0.0332031
3 0.773438 0.857422 0.0328125 0.0292969
3 0.528125 0.75 0.0296875 0.0332031
