0 0.426563 0.53125 0.0265625 0.0605469
0 0.384375 0.0546875 0.0296875 0.0605469
0 0.21875 0.335938 0.0296875 0.0644531
0 0.415625 0.300781 0.0265625 0.0644531
0 0.426563 0.644531 0.0234375 0.0644531
3 0.684375 0.84375 0.0140625 0.0410156
0 0.171875 0.595703 0.0328125 0.0644531
0 0.426563 0.421875 0.0234375 0.0644531
0 0.423438 0.753906 0.0234375 0.0605469
3 0.746875 0.972656 0.0203125 0.0488281
3 0.554688 0.714844 0.0234375 0.0332031
3 0.534375 0.882813 0.0296875 0.0332031
3 0.565625 0.953125 0.0359375 0.0332031
