0 0.426563 0.515625 0.0265625 0.0605469
0 0.41875 0.289063 0.0265625 0.0644531
0 0.179688 0.564453 0.0328125 0.0644531
0 0.3875 0.0429688 0.0296875 0.0605469
0 0.425 0.744141 0.0234375 0.0566406
0 0.426563 0.410156 0.0234375 0.0644531
3 0.746875 0.957031 0.0203125 0.0488281
0 0.221875 0.306641 0.0265625 0.0644531
3 0.684375 0.828125 0.0140625 0.0371094
0 0.426563 0.636719 0.0234375 0.0605469
3 0.554688 0.699219 0.0234375 0.0332031
3 0.565625 0.9375 0.0359375 0.0292969
3 0.534375 0.867188 0.0296875 0.0332031
