0 0.415625 0.273438 0.0265625 0.0644531
0 0.426563 0.503906 0.0265625 0.0605469
0 0.3875 0.0273438 0.0296875 0.0566406
3 0.684375 0.8125 0.0140625 0.0371094
0 0.423438 0.730469 0.0234375 0.0566406
0 0.223438 0.265625 0.0265625 0.0644531
0 0.425 0.394531 0.0234375 0.0644531
0 0.18125 0.525391 0.0296875 0.0644531
3 0.742188 0.941406 0.0234375 0.0449219
0 0.425 0.623047 0.0234375 0.0605469
3 0.532813 0.851563 0.0296875 0.0332031
3 0.565625 0.921875 0.0359375 0.0292969
3 0.553125 0.681641 0.0234375 0.0332031
