0 0.423438 0.488281 0.0265625 0.0605469
0 0.384375 0.0214844 0.0296875 0.0449219
0 0.414063 0.261719 0.0265625 0.0644531
3 0.684375 0.794922 0.0109375 0.0371094
0 0.21875 0.236328 0.0265625 0.0644531
0 0.18125 0.494141 0.0328125 0.0644531
0 0.423438 0.382813 0.0234375 0.0644531
0 0.421875 0.716797 0.0234375 0.0566406
3 0.742188 0.923828 0.0203125 0.0449219
3 0.565625 0.90625 0.0359375 0.0292969
3 0.55 0.666016 0.0234375 0.0332031
0 0.423438 0.609375 0.0234375 0.0644531
3 0.53125 0.835938 0.0328125 0.0332031
