0 0.428125 0.353516 0.0265625 0.0605469
0 0.407813 0.107422 0.0359375 0.0644531
0 0.425 0.585938 0.0234375 0.0566406
0 0.403125 0.96875 0.0265625 0.0566406
0 0.426563 0.478516 0.0234375 0.0605469
3 0.68125 0.753906 0.0234375 0.0292969
0 0.196875 0.355469 0.0328125 0.0683594
0 0.41875 0.234375 0.0265625 0.0644531
0 0.10625 0.890625 0.0359375 0.0683594
3 0.773438 0.892578 0.0328125 0.0292969
3 0.5625 0.636719 0.0203125 0.0371094
3 0.528125 0.783203 0.0296875 0.0332031
3 0.5625 0.853516 0.0328125 0.0332031
