0 0.428125 0.519531 0.0265625 0.0605469
0 0.426563 0.414063 0.0234375 0.0644531
0 0.221875 0.314453 0.0265625 0.0644531
0 0.415625 0.292969 0.0265625 0.0644531
3 0.684375 0.830078 0.0140625 0.0371094
0 0.425 0.746094 0.0234375 0.0605469
0 0.176563 0.576172 0.0328125 0.0644531
3 0.745313 0.962891 0.0203125 0.0488281
3 0.565625 0.939453 0.0359375 0.0332031
3 0.554688 0.701172 0.0234375 0.0332031
0 0.3875 0.0488281 0.0265625 0.0605469
0 0.426563 0.636719 0.0234375 0.0644531
3 0.532813 0.871094 0.0328125 0.0332031
