0 0.428125 0.326172 0.0265625 0.0605469
0 0.407813 0.0820313 0.0359375 0.0644531
0 0.41875 0.207031 0.0265625 0.0644531
0 0.195313 0.347656 0.0328125 0.0644531
0 0.425 0.560547 0.0234375 0.0566406
0 0.425 0.455078 0.0234375 0.0605469
3 0.679688 0.734375 0.0234375 0.0253906
0 0.103125 0.875 0.0359375 0.0683594
0 0.4 0.941406 0.0296875 0.0800781
3 0.528125 0.761719 0.0296875 0.0332031
3 0.559375 0.611328 0.0203125 0.0371094
3 0.559375 0.828125 0.0328125 0.0332031
3 0.771875 0.869141 0.0328125 0.0332031
