0 0.425 0.523438 0.0265625 0.0605469
0 0.3875 0.0410156 0.0265625 0.0605469
0 0.21875 0.3125 0.0265625 0.0644531
0 0.415625 0.292969 0.0265625 0.0644531
0 0.421875 0.746094 0.0234375 0.0605469
0 0.175 0.574219 0.0296875 0.0644531
3 0.682813 0.830078 0.0140625 0.0371094
0 0.425 0.414063 0.0234375 0.0644531
0 0.423438 0.638672 0.0234375 0.0644531
3 0.74375 0.962891 0.0203125 0.0449219
3 0.55 0.703125 0.0234375 0.0332031
3 0.565625 0.939453 0.0359375 0.0292969
3 0.53125 0.871094 0.0328125 0.0332031
