0 0.41875 0.199219 0.0296875 0.0683594
0 0.426563 0.316406 0.0265625 0.0605469
0 0.425 0.550781 0.0234375 0.0566406
0 0.425 0.451172 0.0234375 0.0605469
0 0.19375 0.347656 0.0328125 0.0683594
3 0.679688 0.726563 0.0265625 0.0292969
0 0.40625 0.078125 0.0265625 0.0644531
0 0.403125 0.931641 0.0296875 0.0800781
0 0.103125 0.871094 0.0359375 0.0683594
3 0.5625 0.609375 0.0203125 0.0371094
3 0.528125 0.753906 0.0296875 0.0332031
3 0.773438 0.861328 0.0328125 0.0292969
3 0.5625 0.822266 0.0328125 0.0332031
