0 0.426563 0.525391 0.0265625 0.0605469
0 0.21875 0.322266 0.0296875 0.0644531
0 0.415625 0.294922 0.0265625 0.0644531
3 0.746875 0.966797 0.0203125 0.0449219
0 0.176563 0.580078 0.0296875 0.0644531
3 0.684375 0.835938 0.0140625 0.0371094
0 0.426563 0.416016 0.0234375 0.0644531
0 0.426563 0.640625 0.0234375 0.0605469
0 0.3875 0.0488281 0.0265625 0.0605469
0 0.425 0.75 0.0234375 0.0605469
3 0.554688 0.705078 0.0234375 0.0332031
3 0.565625 0.945313 0.0359375 0.0292969
3 0.534375 0.875 0.0328125 0.0371094
