0 0.41875 0.199219 0.0296875 0.0683594
0 0.426563 0.316406 0.0265625 0.0605469
0 0.425 0.550781 0.0234375 0.0566406
3 0.5625 0.609375 0.0203125 0.0371094
0 0.425 0.449219 0.0234375 0.0644531
3 0.679688 0.728516 0.0265625 0.0292969
0 0.40625 0.078125 0.0265625 0.0644531
0 0.19375 0.345703 0.0328125 0.0683594
0 0.103125 0.873047 0.0359375 0.0683594
0 0.403125 0.935547 0.0296875 0.0800781
3 0.528125 0.753906 0.0296875 0.0332031
3 0.5625 0.824219 0.0328125 0.0332031
3 0.773438 0.863281 0.0328125 0.0292969
