0 0.423438 0.386719 0.0234375 0.0644531
0 0.425 0.496094 0.0265625 0.0605469
0 0.423438 0.71875 0.0234375 0.0566406
0 0.18125 0.503906 0.0328125 0.0644531
0 0.221875 0.25 0.0265625 0.0644531
0 0.415625 0.265625 0.0265625 0.0644531
3 0.684375 0.796875 0.0140625 0.0371094
3 0.74375 0.929688 0.0203125 0.0488281
3 0.55 0.669922 0.0234375 0.0332031
0 0.425 0.611328 0.0234375 0.0644531
0 0.384375 0.0253906 0.0265625 0.0527344
3 0.565625 0.908203 0.0359375 0.0292969
3 0.532813 0.839844 0.0296875 0.0332031
