0 0.41875 0.181641 0.0296875 0.0683594
0 0.426563 0.296875 0.0265625 0.0605469
0 0.40625 0.0605469 0.0359375 0.0644531
0 0.403125 0.908203 0.0296875 0.0800781
0 0.101563 0.861328 0.0359375 0.0683594
0 0.425 0.433594 0.0234375 0.0605469
3 0.679688 0.712891 0.0265625 0.0253906
0 0.192188 0.34375 0.0328125 0.0683594
0 0.425 0.533203 0.0234375 0.0566406
3 0.773438 0.845703 0.0328125 0.0332031
3 0.5625 0.59375 0.0203125 0.0371094
3 0.5625 0.808594 0.0328125 0.0332031
3 0.528125 0.738281 0.0296875 0.0332031
