0 0.426563 0.527344 0.0265625 0.0605469
0 0.3875 0.0488281 0.0296875 0.0605469
0 0.21875 0.328125 0.0265625 0.0644531
0 0.415625 0.296875 0.0265625 0.0644531
0 0.175 0.589844 0.0328125 0.0644531
0 0.426563 0.419922 0.0234375 0.0644531
0 0.423438 0.751953 0.0265625 0.0605469
3 0.684375 0.839844 0.0140625 0.0371094
0 0.426563 0.642578 0.0234375 0.0605469
3 0.565625 0.949219 0.0359375 0.0332031
3 0.532813 0.878906 0.0328125 0.0371094
3 0.746875 0.96875 0.0203125 0.0488281
3 0.553125 0.710938 0.0265625 0.0332031
