0 0.425 0.515625 0.0265625 0.0605469
0 0.421875 0.742188 0.0234375 0.0605469
0 0.415625 0.285156 0.0265625 0.0644531
0 0.425 0.40625 0.0265625 0.0644531
0 0.221875 0.300781 0.0265625 0.0644531
0 0.176563 0.560547 0.0328125 0.0644531
3 0.74375 0.955078 0.0203125 0.0488281
3 0.684375 0.826172 0.0140625 0.0371094
3 0.553125 0.697266 0.0234375 0.0332031
0 0.390625 0.0429688 0.0265625 0.0644531
3 0.565625 0.9375 0.0359375 0.0292969
0 0.425 0.634766 0.0234375 0.0605469
3 0.53125 0.867188 0.0328125 0.0332031
