0 0.384375 0.0234375 0.0296875 0.0507813
0 0.425 0.498047 0.0265625 0.0605469
0 0.221875 0.251953 0.0265625 0.0644531
0 0.18125 0.509766 0.0296875 0.0644531
3 0.682813 0.800781 0.0140625 0.0371094
0 0.414063 0.267578 0.0265625 0.0644531
0 0.423438 0.613281 0.0234375 0.0644531
0 0.423438 0.390625 0.0234375 0.0644531
0 0.421875 0.720703 0.0234375 0.0605469
3 0.742188 0.933594 0.0203125 0.0449219
3 0.55 0.671875 0.0234375 0.0332031
3 0.53125 0.84375 0.0328125 0.0332031
3 0.565625 0.910156 0.0359375 0.0332031
