0 0.428125 0.337891 0.0265625 0.0605469
0 0.407813 0.09375 0.0359375 0.0644531
0 0.425 0.572266 0.0234375 0.0566406
0 0.403125 0.957031 0.0296875 0.0800781
0 0.196875 0.351563 0.0328125 0.0683594
0 0.421875 0.21875 0.0234375 0.0644531
0 0.426563 0.466797 0.0234375 0.0605469
3 0.68125 0.744141 0.0265625 0.0292969
0 0.10625 0.878906 0.0328125 0.0644531
3 0.5625 0.625 0.0203125 0.0371094
3 0.773438 0.878906 0.0359375 0.0292969
3 0.564063 0.839844 0.0328125 0.0332031
3 0.53125 0.773438 0.0296875 0.0371094
