0 0.40625 0.0644531 0.0359375 0.0644531
0 0.426563 0.306641 0.0265625 0.0605469
0 0.403125 0.916016 0.0296875 0.0800781
0 0.192188 0.34375 0.0328125 0.0683594
0 0.426563 0.4375 0.0234375 0.0605469
0 0.425 0.541016 0.0234375 0.0566406
0 0.41875 0.189453 0.0234375 0.0644531
3 0.68125 0.716797 0.0265625 0.0253906
0 0.104688 0.863281 0.0328125 0.0683594
3 0.5625 0.8125 0.0328125 0.0332031
3 0.775 0.851563 0.0328125 0.0292969
3 0.5625 0.597656 0.0203125 0.0371094
3 0.53125 0.746094 0.0296875 0.0332031
