0 0.409375 0.109375 0.0359375 0.0644531
0 0.429688 0.355469 0.0265625 0.0605469
0 0.426563 0.587891 0.0234375 0.0566406
0 0.421875 0.236328 0.0234375 0.0644531
3 0.682813 0.757813 0.0265625 0.0292969
0 0.196875 0.357422 0.0328125 0.0683594
3 0.564063 0.638672 0.0203125 0.0371094
0 0.107813 0.890625 0.0359375 0.0683594
0 0.428125 0.480469 0.0234375 0.0605469
3 0.564063 0.855469 0.0328125 0.0332031
0 0.403125 0.96875 0.0265625 0.0566406
3 0.775 0.892578 0.0328125 0.0292969
3 0.53125 0.785156 0.0296875 0.0332031
