0 0.414063 0.253906 0.0265625 0.0644531
0 0.423438 0.482422 0.0265625 0.0605469
0 0.384375 0.0175781 0.0296875 0.0371094
0 0.21875 0.222656 0.0265625 0.0644531
3 0.682813 0.785156 0.0140625 0.0371094
3 0.740625 0.917969 0.0203125 0.0488281
0 0.423438 0.375 0.0234375 0.0644531
0 0.18125 0.478516 0.0328125 0.0644531
0 0.41875 0.710938 0.0234375 0.0566406
3 0.55 0.65625 0.0234375 0.0332031
0 0.423438 0.603516 0.0234375 0.0644531
3 0.564063 0.898438 0.0359375 0.0292969
3 0.528125 0.828125 0.0328125 0.0332031
