0 0.43125 0.457031 0.0265625 0.0605469
0 0.425 0.347656 0.0265625 0.0644531
0 0.384375 0.0273438 0.0234375 0.0488281
0 0.117188 0.951172 0.0359375 0.0683594
0 0.429688 0.580078 0.0234375 0.0605469
0 0.429688 0.691406 0.0234375 0.0566406
0 0.410938 0.214844 0.0265625 0.0644531
0 0.2125 0.384766 0.0296875 0.0683594
3 0.5625 0.730469 0.0265625 0.0332031
3 0.565625 0.953125 0.0359375 0.0332031
3 0.684375 0.851563 0.0203125 0.0332031
3 0.778125 0.986328 0.0328125 0.0214844
3 0.534375 0.884766 0.0296875 0.0371094
