0 0.41875 0.210938 0.0296875 0.0683594
0 0.428125 0.328125 0.0265625 0.0605469
0 0.407813 0.0878906 0.0359375 0.0644531
0 0.426563 0.5625 0.0234375 0.0566406
0 0.428125 0.457031 0.0234375 0.0605469
0 0.196875 0.351563 0.0328125 0.0683594
0 0.104688 0.875 0.0359375 0.0683594
0 0.403125 0.949219 0.0296875 0.0800781
3 0.68125 0.734375 0.0265625 0.0292969
3 0.564063 0.617188 0.0203125 0.0371094
3 0.53125 0.765625 0.0296875 0.0332031
3 0.775 0.873047 0.0328125 0.0292969
3 0.564063 0.830078 0.0328125 0.0332031
