0 0.426563 0.525391 0.0265625 0.0605469
0 0.3875 0.0488281 0.0296875 0.0605469
0 0.415625 0.296875 0.0234375 0.0644531
0 0.175 0.582031 0.0328125 0.0644531
3 0.684375 0.832031 0.0140625 0.0371094
0 0.21875 0.326172 0.0265625 0.0644531
3 0.746875 0.964844 0.0203125 0.0488281
3 0.554688 0.705078 0.0234375 0.0332031
0 0.425 0.75 0.0234375 0.0605469
0 0.425 0.417969 0.0234375 0.0644531
3 0.534375 0.875 0.0296875 0.0332031
0 0.426563 0.640625 0.0234375 0.0644531
3 0.565625 0.941406 0.0359375 0.0332031
