0 0.43125 0.455078 0.0265625 0.0605469
0 0.384375 0.0253906 0.0234375 0.0488281
0 0.11875 0.949219 0.0359375 0.0683594
0 0.425 0.345703 0.0265625 0.0644531
0 0.429688 0.6875 0.0234375 0.0566406
0 0.410938 0.212891 0.0296875 0.0644531
3 0.5625 0.726563 0.0265625 0.0332031
0 0.43125 0.578125 0.0234375 0.0644531
3 0.6875 0.845703 0.0203125 0.0332031
3 0.565625 0.949219 0.0359375 0.0332031
0 0.2125 0.384766 0.0328125 0.0683594
3 0.776563 0.984375 0.0359375 0.0253906
3 0.534375 0.878906 0.0296875 0.0371094
