0 0.41875 0.283203 0.0265625 0.0644531
0 0.179688 0.550781 0.0328125 0.0644531
0 0.426563 0.513672 0.0265625 0.0605469
0 0.3875 0.0332031 0.0296875 0.0605469
0 0.223438 0.294922 0.0265625 0.0644531
3 0.684375 0.824219 0.0140625 0.0371094
0 0.425 0.738281 0.0234375 0.0566406
3 0.745313 0.953125 0.0203125 0.0449219
0 0.426563 0.628906 0.0234375 0.0644531
0 0.426563 0.40625 0.0234375 0.0644531
3 0.554688 0.691406 0.0234375 0.0332031
3 0.534375 0.861328 0.0296875 0.0332031
3 0.565625 0.933594 0.0359375 0.0292969
