0 0.101563 0.857422 0.0328125 0.0683594
0 0.41875 0.171875 0.0296875 0.0683594
0 0.426563 0.289063 0.0265625 0.0605469
0 0.407813 0.0507813 0.0359375 0.0644531
3 0.68125 0.705078 0.0265625 0.0253906
0 0.403125 0.900391 0.0296875 0.0800781
0 0.426563 0.425781 0.0234375 0.0605469
0 0.425 0.527344 0.0234375 0.0605469
0 0.192188 0.339844 0.0328125 0.0683594
3 0.528125 0.734375 0.0296875 0.0332031
3 0.5625 0.587891 0.0203125 0.0371094
3 0.5625 0.800781 0.0328125 0.0332031
3 0.773438 0.84375 0.0328125 0.0292969
