0 0.382813 0.0195313 0.0296875 0.0429688
0 0.41875 0.375 0.0234375 0.0644531
0 0.41875 0.484375 0.0265625 0.0605469
0 0.4125 0.257813 0.0265625 0.0644531
0 0.21875 0.230469 0.0265625 0.0644531
3 0.68125 0.791016 0.0140625 0.0371094
0 0.18125 0.484375 0.0296875 0.0644531
0 0.41875 0.607422 0.0234375 0.0605469
0 0.41875 0.712891 0.0234375 0.0566406
3 0.7375 0.919922 0.0203125 0.0488281
3 0.5625 0.902344 0.0359375 0.0292969
3 0.548438 0.660156 0.0234375 0.0332031
3 0.528125 0.830078 0.0328125 0.0332031
