0 0.426563 0.28125 0.0265625 0.0605469
0 0.41875 0.167969 0.0296875 0.0683594
0 0.407813 0.0449219 0.0359375 0.0644531
3 0.679688 0.699219 0.0265625 0.0214844
0 0.425 0.517578 0.0234375 0.0566406
0 0.4 0.884766 0.0296875 0.0800781
0 0.425 0.417969 0.0234375 0.0605469
3 0.5625 0.580078 0.0203125 0.0371094
0 0.190625 0.339844 0.0328125 0.0683594
3 0.528125 0.726563 0.0296875 0.0332031
0 0.096875 0.851563 0.0359375 0.0683594
3 0.559375 0.791016 0.0328125 0.0332031
3 0.771875 0.830078 0.0328125 0.0292969
