0 0.428125 0.330078 0.0265625 0.0605469
0 0.407813 0.0898438 0.0359375 0.0644531
3 0.68125 0.738281 0.0265625 0.0253906
0 0.425 0.564453 0.0234375 0.0566406
0 0.426563 0.462891 0.0234375 0.0605469
0 0.403125 0.953125 0.0296875 0.0800781
0 0.41875 0.214844 0.0265625 0.0644531
0 0.195313 0.351563 0.0328125 0.0683594
3 0.53125 0.765625 0.0296875 0.0332031
3 0.5625 0.621094 0.0203125 0.0371094
0 0.10625 0.876953 0.0328125 0.0683594
3 0.564063 0.835938 0.0328125 0.0332031
3 0.775 0.875 0.0328125 0.0292969
