0 0.423438 0.488281 0.0265625 0.0605469
0 0.384375 0.0214844 0.0296875 0.0449219
0 0.21875 0.242188 0.0265625 0.0644531
0 0.414063 0.263672 0.0265625 0.0644531
3 0.682813 0.794922 0.0140625 0.0371094
0 0.423438 0.384766 0.0234375 0.0644531
0 0.18125 0.498047 0.0296875 0.0644531
3 0.740625 0.923828 0.0203125 0.0488281
0 0.41875 0.716797 0.0234375 0.0566406
3 0.55 0.666016 0.0234375 0.0332031
0 0.421875 0.609375 0.0234375 0.0605469
3 0.53125 0.835938 0.0296875 0.0332031
3 0.564063 0.90625 0.0359375 0.0292969
