0 0.425 0.292969 0.0265625 0.0605469
0 0.40625 0.0546875 0.0359375 0.0644531
0 0.41875 0.179688 0.0265625 0.0644531
0 0.423438 0.529297 0.0234375 0.0566406
0 0.425 0.429688 0.0234375 0.0605469
3 0.679688 0.705078 0.0265625 0.0253906
0 0.192188 0.341797 0.0328125 0.0683594
0 0.403125 0.900391 0.0296875 0.0800781
0 0.1 0.857422 0.0359375 0.0683594
3 0.5625 0.589844 0.0203125 0.0371094
3 0.771875 0.841797 0.0328125 0.0292969
3 0.559375 0.798828 0.0328125 0.0332031
3 0.528125 0.734375 0.0296875 0.0332031
