0 0.426563 0.3125 0.0265625 0.0605469
0 0.19375 0.34375 0.0328125 0.0644531
3 0.679688 0.722656 0.0265625 0.0292969
0 0.425 0.546875 0.0234375 0.0566406
0 0.103125 0.869141 0.0359375 0.0683594
0 0.425 0.447266 0.0234375 0.0605469
0 0.40625 0.0742188 0.0265625 0.0644531
0 0.403125 0.929688 0.0296875 0.0800781
3 0.5625 0.605469 0.0203125 0.0371094
0 0.41875 0.197266 0.0234375 0.0644531
3 0.5625 0.820313 0.0328125 0.0332031
3 0.773438 0.859375 0.0328125 0.0292969
3 0.528125 0.751953 0.0296875 0.0332031
