0 0.426563 0.529297 0.0265625 0.0605469
0 0.415625 0.300781 0.0265625 0.0644531
0 0.21875 0.332031 0.0265625 0.0644531
0 0.175 0.59375 0.0296875 0.0683594
3 0.684375 0.839844 0.0140625 0.0371094
0 0.426563 0.421875 0.0234375 0.0644531
0 0.425 0.751953 0.0234375 0.0605469
3 0.565625 0.949219 0.0359375 0.0332031
3 0.746875 0.96875 0.0203125 0.0488281
0 0.3875 0.0605469 0.0265625 0.0605469
3 0.554688 0.712891 0.0234375 0.0332031
0 0.426563 0.644531 0.0234375 0.0605469
3 0.534375 0.878906 0.0296875 0.0371094
