0 0.41875 0.15625 0.0296875 0.0683594
0 0.426563 0.273438 0.0265625 0.0605469
0 0.40625 0.0351563 0.0359375 0.0644531
0 0.425 0.511719 0.0234375 0.0566406
0 0.403125 0.875 0.0296875 0.0800781
0 0.096875 0.845703 0.0359375 0.0683594
0 0.425 0.408203 0.0234375 0.0605469
0 0.1875 0.335938 0.0328125 0.0683594
3 0.679688 0.691406 0.0296875 0.0214844
3 0.559375 0.783203 0.0328125 0.0332031
3 0.5625 0.574219 0.0203125 0.0332031
3 0.773438 0.826172 0.0328125 0.0292969
3 0.528125 0.71875 0.0328125 0.0332031
