1 0.490625 0.373047 0.0296875 0.0175781
1 0.475 0.357422 0.0265625 0.0214844
1 0.414063 0.46875 0.0171875 0.0332031
1 0.40625 0.199219 0.0265625 0.0332031
1 0.671875 0.0722656 0.0265625 0.0175781
1 0.3875 0.166016 0.0171875 0.0253906
1 0.410938 0.640625 0.0234375 0.0332031
1 0.35625 0.638672 0.0328125 0.0292969
1 0.379688 0.664063 0.0296875 0.0371094
1 0.742188 0.046875 0.0203125 0.0410156
1 0.49375 0.357422 0.0296875 0.0253906
1 0.673438 0.0957031 0.0234375 0.0332031
1 0.4125 0.195313 0.0140625 0.0214844
