1 0.66875 0.0371094 0.0265625 0.0175781
1 0.49375 0.328125 0.0296875 0.0253906
1 0.490625 0.34375 0.0296875 0.0175781
1 0.403125 0.171875 0.0265625 0.0332031
1 0.410938 0.439453 0.0203125 0.0332031
1 0.414063 0.617188 0.0234375 0.0332031
1 0.671875 0.0625 0.0234375 0.0332031
1 0.475 0.328125 0.0265625 0.0214844
1 0.359375 0.617188 0.0328125 0.0292969
1 0.384375 0.138672 0.0171875 0.0253906
1 0.382813 0.640625 0.0296875 0.0371094
1 0.7375 0.0136719 0.0171875 0.03125
1 0.409375 0.166016 0.0140625 0.0214844
