1 0.4 0.847656 0.0203125 0.0214844
1 0.409375 0.419922 0.0203125 0.0253906
1 0.49375 0.582031 0.0265625 0.0214844
1 0.485938 0.595703 0.0265625 0.0175781
1 0.473438 0.580078 0.0265625 0.0253906
1 0.390625 0.390625 0.0203125 0.0253906
1 0.675 0.314453 0.0359375 0.0292969
1 0.403125 0.681641 0.0109375 0.0253906
1 0.74375 0.292969 0.0203125 0.0410156
1 0.675 0.339844 0.0203125 0.0332031
1 0.364063 0.875 0.0234375 0.0332031
1 0.340625 0.847656 0.0328125 0.0292969
1 0.415625 0.419922 0.0140625 0.0253906
