1 0.398438 0.759766 0.0109375 0.0253906
1 0.48125 0.679688 0.0265625 0.0175781
1 0.392188 0.923828 0.0203125 0.0214844
1 0.3875 0.46875 0.0203125 0.0253906
1 0.490625 0.664063 0.0265625 0.0214844
1 0.407813 0.498047 0.0203125 0.0253906
1 0.470313 0.660156 0.0265625 0.0253906
1 0.671875 0.421875 0.0203125 0.0332031
1 0.673438 0.402344 0.0359375 0.0292969
1 0.740625 0.382813 0.0203125 0.0410156
1 0.35625 0.951172 0.0234375 0.0332031
1 0.334375 0.923828 0.0328125 0.0292969
1 0.4125 0.5 0.0140625 0.0253906
