1 0.398438 0.746094 0.0109375 0.0253906
1 0.409375 0.484375 0.0203125 0.0253906
1 0.489063 0.652344 0.0265625 0.0214844
1 0.46875 0.650391 0.0265625 0.0253906
1 0.675 0.390625 0.0359375 0.0292969
1 0.390625 0.914063 0.0203125 0.0214844
1 0.390625 0.453125 0.0203125 0.0253906
1 0.48125 0.666016 0.0265625 0.0175781
1 0.673438 0.410156 0.0203125 0.0332031
1 0.332813 0.910156 0.0328125 0.0292969
1 0.742188 0.371094 0.0203125 0.0410156
1 0.353125 0.9375 0.0234375 0.0332031
1 0.415625 0.484375 0.0140625 0.0214844
