1 0.671875 0.136719 0.0265625 0.0175781
1 0.415625 0.53125 0.0171875 0.0332031
1 0.49375 0.421875 0.0296875 0.0253906
1 0.476563 0.419922 0.0265625 0.0214844
1 0.4125 0.703125 0.0234375 0.0332031
1 0.3875 0.230469 0.0171875 0.0253906
1 0.407813 0.263672 0.0265625 0.0332031
1 0.742188 0.111328 0.0203125 0.0410156
1 0.675 0.158203 0.0234375 0.0332031
1 0.490625 0.4375 0.0296875 0.0175781
1 0.35625 0.703125 0.0328125 0.0292969
1 0.379688 0.728516 0.0296875 0.0371094
1 0.414063 0.259766 0.0109375 0.0253906
