1 0.4 0.78125 0.0109375 0.0253906
1 0.48125 0.699219 0.0265625 0.0175781
1 0.398438 0.949219 0.0203125 0.0214844
1 0.407813 0.519531 0.0203125 0.0253906
1 0.490625 0.685547 0.0265625 0.0214844
1 0.471875 0.683594 0.0265625 0.0253906
1 0.671875 0.419922 0.0359375 0.0292969
1 0.671875 0.441406 0.0203125 0.0332031
1 0.3375 0.947266 0.0328125 0.0292969
1 0.3625 0.970703 0.0234375 0.0332031
1 0.3875 0.494141 0.0203125 0.0253906
1 0.7375 0.398438 0.0203125 0.0410156
1 0.4125 0.523438 0.0109375 0.0214844
