1 0.407813 0.814453 0.0203125 0.0214844
1 0.5 0.546875 0.0265625 0.0214844
1 0.410938 0.644531 0.0109375 0.0253906
1 0.4125 0.382813 0.0203125 0.0253906
1 0.675 0.269531 0.0359375 0.0292969
1 0.392188 0.353516 0.0203125 0.0253906
1 0.678125 0.294922 0.0203125 0.0332031
1 0.478125 0.544922 0.0265625 0.0253906
1 0.492188 0.5625 0.0265625 0.0175781
1 0.371875 0.841797 0.0234375 0.0332031
1 0.745313 0.246094 0.0203125 0.0410156
1 0.348438 0.814453 0.0328125 0.0292969
1 0.415625 0.384766 0.0140625 0.0253906
