1 0.4 0.701172 0.0109375 0.0253906
1 0.409375 0.4375 0.0203125 0.0253906
1 0.492188 0.605469 0.0265625 0.0214844
1 0.471875 0.603516 0.0265625 0.0253906
1 0.390625 0.410156 0.0203125 0.0253906
1 0.675 0.341797 0.0359375 0.0292969
1 0.39375 0.869141 0.0203125 0.0214844
1 0.675 0.363281 0.0203125 0.0332031
1 0.745313 0.322266 0.0203125 0.0410156
1 0.35625 0.890625 0.0234375 0.0332031
1 0.48125 0.621094 0.0265625 0.0175781
1 0.334375 0.867188 0.0328125 0.0292969
1 0.415625 0.439453 0.0109375 0.0253906
