1 0.470313 0.3125 0.0265625 0.0214844
1 0.485938 0.328125 0.0296875 0.0175781
1 0.492188 0.3125 0.0296875 0.0253906
1 0.6625 0.0195313 0.0265625 0.0175781
1 0.4 0.15625 0.0265625 0.0332031
1 0.407813 0.423828 0.0203125 0.0332031
1 0.665625 0.046875 0.0234375 0.0332031
1 0.409375 0.601563 0.0234375 0.0332031
1 0.379688 0.125 0.0171875 0.0253906
1 0.35625 0.601563 0.0328125 0.0292969
1 0.379688 0.625 0.0296875 0.0371094
1 0.40625 0.154297 0.0140625 0.0175781
1 0.73125 0.00585938 0.0171875 0.015625
