1 0.409375 0.423828 0.0203125 0.0253906
1 0.49375 0.589844 0.0265625 0.0214844
1 0.390625 0.394531 0.0203125 0.0253906
1 0.485938 0.605469 0.0265625 0.0175781
1 0.675 0.324219 0.0359375 0.0292969
1 0.473438 0.587891 0.0265625 0.0253906
1 0.675 0.34375 0.0203125 0.0332031
1 0.403125 0.6875 0.0109375 0.0253906
1 0.398438 0.855469 0.0203125 0.0214844
1 0.3375 0.853516 0.0328125 0.0292969
1 0.742188 0.298828 0.0203125 0.0410156
1 0.3625 0.876953 0.0234375 0.0332031
1 0.415625 0.425781 0.0140625 0.0253906
