1 0.4 0.763672 0.0109375 0.0253906
1 0.490625 0.667969 0.0265625 0.0214844
1 0.395313 0.929688 0.0203125 0.0214844
1 0.471875 0.666016 0.0265625 0.0253906
1 0.409375 0.5 0.0203125 0.0253906
1 0.673438 0.404297 0.0359375 0.0292969
1 0.390625 0.472656 0.0203125 0.0253906
1 0.673438 0.425781 0.0203125 0.0332031
1 0.740625 0.384766 0.0203125 0.0410156
1 0.48125 0.683594 0.0265625 0.0175781
1 0.359375 0.953125 0.0234375 0.0332031
1 0.335938 0.925781 0.0328125 0.0292969
1 0.414063 0.501953 0.0140625 0.0214844
