1 0.485938 0.71875 0.0265625 0.0175781
1 0.49375 0.703125 0.0265625 0.0214844
1 0.473438 0.701172 0.0265625 0.0253906
1 0.40625 0.798828 0.0109375 0.0253906
1 0.403125 0.966797 0.0203125 0.0214844
1 0.3875 0.511719 0.0203125 0.0253906
1 0.409375 0.541016 0.0203125 0.0253906
1 0.7375 0.410156 0.0203125 0.0410156
1 0.66875 0.455078 0.0203125 0.0332031
1 0.36875 0.988281 0.0234375 0.0253906
1 0.345313 0.966797 0.0328125 0.0292969
1 0.66875 0.435547 0.0359375 0.0292969
1 0.415625 0.541016 0.0109375 0.0253906
