1 0.414063 0.617188 0.0109375 0.0253906
1 0.492188 0.529297 0.0265625 0.0175781
1 0.4125 0.353516 0.0203125 0.0253906
1 0.392188 0.322266 0.0203125 0.0253906
1 0.675 0.234375 0.0359375 0.0292969
1 0.478125 0.513672 0.0265625 0.0253906
1 0.5 0.513672 0.0265625 0.0214844
1 0.410938 0.785156 0.0203125 0.0214844
1 0.371875 0.808594 0.0296875 0.0371094
1 0.675 0.261719 0.0203125 0.0332031
1 0.74375 0.210938 0.0203125 0.0410156
1 0.353125 0.783203 0.0328125 0.0292969
1 0.415625 0.347656 0.0140625 0.0214844
