1 0.485938 0.609375 0.0265625 0.0175781
1 0.471875 0.59375 0.0265625 0.0253906
1 0.409375 0.429688 0.0203125 0.0253906
1 0.49375 0.59375 0.0265625 0.0214844
1 0.390625 0.400391 0.0203125 0.0253906
1 0.403125 0.689453 0.0109375 0.0253906
1 0.396875 0.859375 0.0203125 0.0214844
1 0.675 0.328125 0.0359375 0.0292969
1 0.675 0.351563 0.0203125 0.0332031
1 0.74375 0.308594 0.0203125 0.0410156
1 0.3375 0.857422 0.0328125 0.0292969
1 0.360938 0.882813 0.0234375 0.0332031
1 0.415625 0.431641 0.0109375 0.0253906
