1 0.671875 0.0761719 0.0265625 0.0175781
1 0.492188 0.376953 0.0296875 0.0175781
1 0.475 0.359375 0.0265625 0.0214844
1 0.4125 0.470703 0.0171875 0.0332031
1 0.407813 0.203125 0.0265625 0.0332031
1 0.49375 0.361328 0.0296875 0.0253906
1 0.410938 0.648438 0.0234375 0.0332031
1 0.74375 0.0488281 0.0203125 0.0410156
1 0.675 0.0976563 0.0234375 0.0332031
1 0.35625 0.644531 0.0328125 0.0292969
1 0.3875 0.169922 0.0171875 0.0253906
1 0.378125 0.671875 0.0296875 0.0371094
1 0.414063 0.199219 0.0140625 0.0175781
