1 0.485938 0.720703 0.0265625 0.0175781
1 0.407813 0.546875 0.0203125 0.0253906
1 0.49375 0.705078 0.0265625 0.0214844
1 0.403125 0.806641 0.0109375 0.0253906
1 0.3875 0.517578 0.0203125 0.0253906
1 0.403125 0.970703 0.0203125 0.0214844
1 0.66875 0.439453 0.0359375 0.0292969
1 0.66875 0.462891 0.0203125 0.0332031
1 0.473438 0.705078 0.0265625 0.0253906
1 0.7375 0.417969 0.0203125 0.0410156
1 0.367188 0.990234 0.0234375 0.0214844
1 0.34375 0.970703 0.0328125 0.0292969
1 0.414063 0.546875 0.0109375 0.0214844
