1 0.671875 0.103516 0.0265625 0.0175781
1 0.475 0.384766 0.0265625 0.0214844
1 0.490625 0.400391 0.0296875 0.0175781
1 0.49375 0.384766 0.0296875 0.0253906
1 0.407813 0.228516 0.0265625 0.0332031
1 0.414063 0.494141 0.0171875 0.0332031
1 0.3875 0.197266 0.0171875 0.0253906
1 0.4125 0.666016 0.0234375 0.0332031
1 0.742188 0.078125 0.0203125 0.0410156
1 0.378125 0.6875 0.0296875 0.0371094
1 0.353125 0.664063 0.0328125 0.0292969
1 0.675 0.125 0.0234375 0.0332031
1 0.414063 0.222656 0.0140625 0.0175781
