1 0.398438 0.853516 0.0203125 0.0214844
1 0.484375 0.603516 0.0265625 0.0175781
1 0.390625 0.390625 0.0203125 0.0253906
1 0.473438 0.585938 0.0265625 0.0253906
1 0.49375 0.587891 0.0265625 0.0214844
1 0.403125 0.683594 0.0109375 0.0253906
1 0.675 0.316406 0.0359375 0.0292969
1 0.675 0.341797 0.0203125 0.0332031
1 0.409375 0.421875 0.0203125 0.0253906
1 0.3625 0.875 0.0234375 0.0332031
1 0.742188 0.296875 0.0203125 0.0410156
1 0.3375 0.853516 0.0328125 0.0292969
1 0.415625 0.421875 0.0140625 0.0253906
