1 0.395313 0.71875 0.0109375 0.0253906
1 0.478125 0.638672 0.0265625 0.0175781
1 0.3875 0.884766 0.0203125 0.0214844
1 0.3875 0.425781 0.0203125 0.0253906
1 0.46875 0.621094 0.0265625 0.0253906
1 0.489063 0.625 0.0265625 0.0214844
1 0.407813 0.453125 0.0203125 0.0253906
1 0.673438 0.384766 0.0203125 0.0332031
1 0.742188 0.341797 0.0203125 0.0410156
1 0.353125 0.90625 0.0234375 0.0332031
1 0.673438 0.361328 0.0359375 0.0292969
1 0.329688 0.882813 0.0328125 0.0292969
1 0.4125 0.455078 0.0109375 0.0292969
