1 0.490625 0.560547 0.0265625 0.0175781
1 0.410938 0.378906 0.0203125 0.0253906
1 0.478125 0.542969 0.0265625 0.0253906
1 0.392188 0.351563 0.0203125 0.0253906
1 0.409375 0.8125 0.0203125 0.0214844
1 0.496875 0.544922 0.0265625 0.0214844
1 0.410938 0.642578 0.0109375 0.0253906
1 0.678125 0.292969 0.0203125 0.0332031
1 0.675 0.267578 0.0359375 0.0292969
1 0.745313 0.246094 0.0203125 0.0410156
1 0.35 0.8125 0.0328125 0.0292969
1 0.371875 0.839844 0.0234375 0.0332031
1 0.41875 0.378906 0.0140625 0.0253906
