1 0.671875 0.078125 0.0265625 0.0175781
1 0.414063 0.472656 0.0171875 0.0332031
1 0.489063 0.378906 0.0296875 0.0175781
1 0.475 0.363281 0.0265625 0.0214844
1 0.49375 0.367188 0.0296875 0.0253906
1 0.40625 0.207031 0.0265625 0.0332031
1 0.3875 0.171875 0.0171875 0.0253906
1 0.74375 0.0566406 0.0203125 0.0410156
1 0.409375 0.650391 0.0234375 0.0332031
1 0.353125 0.644531 0.0328125 0.0292969
1 0.675 0.105469 0.0234375 0.0332031
1 0.376563 0.671875 0.0296875 0.0371094
1 0.4125 0.203125 0.0140625 0.0214844
