1 0.409375 0.779297 0.0203125 0.0214844
1 0.4125 0.607422 0.0109375 0.0253906
1 0.496875 0.501953 0.0265625 0.0214844
1 0.490625 0.519531 0.0265625 0.0175781
1 0.478125 0.5 0.0265625 0.0253906
1 0.392188 0.310547 0.0203125 0.0253906
1 0.410938 0.34375 0.0203125 0.0253906
1 0.675 0.222656 0.0359375 0.0292969
1 0.678125 0.248047 0.0203125 0.0332031
1 0.74375 0.201172 0.0203125 0.0410156
1 0.371875 0.798828 0.0296875 0.0371094
1 0.351563 0.775391 0.0328125 0.0292969
1 0.41875 0.341797 0.0140625 0.0214844
