1 0.48125 0.691406 0.0265625 0.0175781
1 0.492188 0.679688 0.0265625 0.0214844
1 0.471875 0.675781 0.0265625 0.0253906
1 0.409375 0.515625 0.0203125 0.0253906
1 0.671875 0.414063 0.0359375 0.0292969
1 0.671875 0.4375 0.0203125 0.0332031
1 0.390625 0.484375 0.0203125 0.0253906
1 0.4 0.775391 0.0109375 0.0253906
1 0.396875 0.939453 0.0203125 0.0214844
1 0.740625 0.390625 0.0203125 0.0410156
1 0.3375 0.939453 0.0328125 0.0292969
1 0.3625 0.966797 0.0234375 0.0332031
1 0.415625 0.515625 0.0140625 0.0253906
