1 0.403125 0.673828 0.0109375 0.0253906
1 0.485938 0.591797 0.0265625 0.0175781
1 0.49375 0.578125 0.0265625 0.0214844
1 0.4 0.84375 0.0203125 0.0214844
1 0.410938 0.410156 0.0203125 0.0253906
1 0.675 0.308594 0.0359375 0.0292969
1 0.675 0.328125 0.0203125 0.0332031
1 0.390625 0.384766 0.0203125 0.0253906
1 0.473438 0.576172 0.0265625 0.0253906
1 0.365625 0.869141 0.0234375 0.0332031
1 0.74375 0.285156 0.0203125 0.0410156
1 0.340625 0.84375 0.0328125 0.0292969
1 0.415625 0.410156 0.0140625 0.0253906
