1 0.4 0.777344 0.0109375 0.0253906
1 0.396875 0.941406 0.0203125 0.0214844
1 0.470313 0.679688 0.0265625 0.0253906
1 0.490625 0.681641 0.0265625 0.0214844
1 0.407813 0.515625 0.0203125 0.0253906
1 0.671875 0.417969 0.0359375 0.0292969
1 0.3875 0.488281 0.0203125 0.0253906
1 0.48125 0.697266 0.0265625 0.0175781
1 0.66875 0.4375 0.0203125 0.0332031
1 0.7375 0.392578 0.0203125 0.0410156
1 0.3375 0.945313 0.0328125 0.0292969
1 0.3625 0.96875 0.0234375 0.0332031
1 0.4125 0.517578 0.0140625 0.0292969
