1 0.48125 0.654297 0.0265625 0.0175781
1 0.489063 0.640625 0.0265625 0.0214844
1 0.407813 0.472656 0.0203125 0.0253906
1 0.46875 0.638672 0.0265625 0.0253906
1 0.396875 0.734375 0.0109375 0.0253906
1 0.3875 0.902344 0.0203125 0.0214844
1 0.675 0.376953 0.0359375 0.0292969
1 0.390625 0.445313 0.0203125 0.0253906
1 0.742188 0.359375 0.0203125 0.0410156
1 0.675 0.402344 0.0203125 0.0332031
1 0.33125 0.900391 0.0328125 0.0292969
1 0.353125 0.921875 0.0234375 0.0332031
1 0.414063 0.472656 0.0140625 0.0292969
