1 0.478125 0.40625 0.0265625 0.0214844
1 0.671875 0.123047 0.0265625 0.0175781
1 0.496875 0.40625 0.0296875 0.0253906
1 0.415625 0.515625 0.0171875 0.0332031
1 0.390625 0.216797 0.0171875 0.0253906
1 0.49375 0.421875 0.0296875 0.0175781
1 0.414063 0.689453 0.0234375 0.0332031
1 0.409375 0.25 0.0265625 0.0332031
1 0.74375 0.09375 0.0203125 0.0410156
1 0.675 0.144531 0.0234375 0.0332031
1 0.38125 0.714844 0.0296875 0.0371094
1 0.359375 0.6875 0.0328125 0.0292969
1 0.414063 0.248047 0.0171875 0.0253906
