1 0.49375 0.697266 0.0265625 0.0214844
1 0.485938 0.714844 0.0265625 0.0175781
1 0.3875 0.509766 0.0203125 0.0253906
1 0.407813 0.535156 0.0203125 0.0253906
1 0.40625 0.796875 0.0109375 0.0253906
1 0.473438 0.697266 0.0265625 0.0253906
1 0.403125 0.962891 0.0203125 0.0214844
1 0.66875 0.431641 0.0359375 0.0292969
1 0.66875 0.453125 0.0203125 0.0332031
1 0.7375 0.40625 0.0203125 0.0410156
1 0.36875 0.984375 0.0234375 0.03125
1 0.34375 0.964844 0.0328125 0.0292969
1 0.414063 0.535156 0.0109375 0.0253906
