1 0.492188 0.359375 0.0296875 0.0175781
1 0.49375 0.34375 0.0296875 0.0253906
1 0.66875 0.0566406 0.0265625 0.0175781
1 0.414063 0.455078 0.0171875 0.0332031
1 0.384375 0.154297 0.0171875 0.0253906
1 0.4125 0.628906 0.0234375 0.0332031
1 0.40625 0.1875 0.0265625 0.0332031
1 0.475 0.34375 0.0265625 0.0214844
1 0.740625 0.03125 0.0203125 0.0410156
1 0.379688 0.65625 0.0296875 0.0371094
1 0.35625 0.626953 0.0328125 0.0292969
1 0.673438 0.0800781 0.0234375 0.0332031
1 0.4125 0.185547 0.0140625 0.0214844
