1 0.492188 0.416016 0.0296875 0.0175781
1 0.496875 0.402344 0.0296875 0.0253906
1 0.476563 0.400391 0.0265625 0.0214844
1 0.415625 0.511719 0.0171875 0.0332031
1 0.407813 0.244141 0.0265625 0.0332031
1 0.3875 0.210938 0.0171875 0.0253906
1 0.414063 0.685547 0.0234375 0.0332031
1 0.671875 0.117188 0.0265625 0.0175781
1 0.742188 0.0917969 0.0203125 0.0410156
1 0.38125 0.707031 0.0296875 0.0371094
1 0.35625 0.683594 0.0328125 0.0292969
1 0.675 0.140625 0.0234375 0.0332031
1 0.4125 0.242188 0.0140625 0.0253906
