1 0.66875 0.126953 0.0265625 0.0175781
1 0.476563 0.414063 0.0265625 0.0214844
1 0.415625 0.525391 0.0171875 0.0332031
1 0.40625 0.257813 0.0265625 0.0332031
1 0.414063 0.699219 0.0234375 0.0332031
1 0.496875 0.416016 0.0296875 0.0253906
1 0.3875 0.226563 0.0171875 0.0253906
1 0.742188 0.105469 0.0203125 0.0410156
1 0.490625 0.431641 0.0296875 0.0175781
1 0.359375 0.695313 0.0328125 0.0292969
1 0.673438 0.154297 0.0234375 0.0332031
1 0.379688 0.71875 0.0296875 0.0371094
1 0.4125 0.253906 0.0140625 0.0253906
