1 0.4125 0.361328 0.0203125 0.0253906
1 0.410938 0.796875 0.0203125 0.0214844
1 0.492188 0.541016 0.0265625 0.0175781
1 0.478125 0.523438 0.0265625 0.0253906
1 0.675 0.246094 0.0359375 0.0292969
1 0.39375 0.330078 0.0203125 0.0253906
1 0.501563 0.525391 0.0265625 0.0214844
1 0.679688 0.269531 0.0203125 0.0332031
1 0.414063 0.625 0.0109375 0.0253906
1 0.746875 0.220703 0.0203125 0.0410156
1 0.371875 0.820313 0.0296875 0.0371094
1 0.353125 0.796875 0.0328125 0.0292969
1 0.41875 0.359375 0.0109375 0.0253906
