1 0.4 0.751953 0.0109375 0.0253906
1 0.392188 0.919922 0.0203125 0.0214844
1 0.470313 0.65625 0.0265625 0.0253906
1 0.409375 0.488281 0.0203125 0.0253906
1 0.489063 0.65625 0.0265625 0.0214844
1 0.390625 0.462891 0.0203125 0.0253906
1 0.48125 0.671875 0.0265625 0.0175781
1 0.673438 0.419922 0.0203125 0.0332031
1 0.675 0.394531 0.0359375 0.0292969
1 0.35625 0.941406 0.0234375 0.0332031
1 0.740625 0.375 0.0203125 0.0410156
1 0.334375 0.917969 0.0328125 0.0292969
1 0.415625 0.492188 0.0140625 0.0253906
