1 0.4875 0.587891 0.0265625 0.0175781
1 0.403125 0.839844 0.0203125 0.0214844
1 0.390625 0.378906 0.0203125 0.0253906
1 0.410938 0.40625 0.0203125 0.0253906
1 0.475 0.572266 0.0265625 0.0253906
1 0.49375 0.572266 0.0265625 0.0214844
1 0.40625 0.671875 0.0109375 0.0253906
1 0.675 0.326172 0.0203125 0.0332031
1 0.675 0.300781 0.0359375 0.0292969
1 0.34375 0.839844 0.0328125 0.0292969
1 0.74375 0.279297 0.0203125 0.0410156
1 0.367188 0.863281 0.0234375 0.0332031
1 0.415625 0.40625 0.0140625 0.0253906
