1 0.414063 0.626953 0.0109375 0.0253906
1 0.410938 0.798828 0.0203125 0.0214844
1 0.49375 0.542969 0.0265625 0.0175781
1 0.501563 0.527344 0.0265625 0.0214844
1 0.48125 0.525391 0.0265625 0.0253906
1 0.4125 0.363281 0.0203125 0.0253906
1 0.678125 0.248047 0.0359375 0.0292969
1 0.679688 0.273438 0.0203125 0.0332031
1 0.746875 0.222656 0.0203125 0.0410156
1 0.371875 0.824219 0.0296875 0.0371094
1 0.395313 0.332031 0.0203125 0.0253906
1 0.353125 0.796875 0.0328125 0.0292969
1 0.41875 0.361328 0.0140625 0.0214844
