1 0.410938 0.792969 0.0203125 0.0214844
1 0.501563 0.517578 0.0265625 0.0214844
1 0.414063 0.359375 0.0203125 0.0253906
1 0.48125 0.517578 0.0265625 0.0253906
1 0.49375 0.533203 0.0265625 0.0175781
1 0.39375 0.326172 0.0203125 0.0253906
1 0.679688 0.265625 0.0203125 0.0332031
1 0.414063 0.621094 0.0109375 0.0253906
1 0.675 0.238281 0.0359375 0.0292969
1 0.746875 0.21875 0.0203125 0.0410156
1 0.371875 0.814453 0.0296875 0.0371094
1 0.353125 0.792969 0.0328125 0.0292969
1 0.41875 0.355469 0.0140625 0.0214844
