1 0.66875 0.0449219 0.0265625 0.0175781
1 0.490625 0.345703 0.0296875 0.0175781
1 0.403125 0.175781 0.0265625 0.0332031
1 0.49375 0.330078 0.0296875 0.0253906
1 0.671875 0.0683594 0.0234375 0.0332031
1 0.414063 0.617188 0.0234375 0.0332031
1 0.4125 0.439453 0.0203125 0.0332031
1 0.475 0.330078 0.0265625 0.0214844
1 0.35625 0.617188 0.0328125 0.0292969
1 0.384375 0.142578 0.0171875 0.0253906
1 0.38125 0.640625 0.0296875 0.0371094
1 0.740625 0.0175781 0.0171875 0.0390625
1 0.410938 0.171875 0.0140625 0.0214844
