1 0.471875 0.320313 0.0265625 0.0214844
1 0.4875 0.335938 0.0296875 0.0175781
1 0.49375 0.320313 0.0296875 0.0253906
1 0.4 0.166016 0.0265625 0.0332031
1 0.410938 0.605469 0.0234375 0.0332031
1 0.409375 0.431641 0.0203125 0.0332031
1 0.66875 0.0585938 0.0234375 0.0332031
1 0.665625 0.03125 0.0265625 0.0175781
1 0.38125 0.625 0.0296875 0.0371094
1 0.35625 0.605469 0.0328125 0.0292969
1 0.38125 0.132813 0.0171875 0.0253906
1 0.40625 0.158203 0.0140625 0.0175781
1 0.735938 0.0117188 0.0171875 0.0253906
