1 0.475 0.433594 0.0265625 0.0214844
1 0.492188 0.449219 0.0296875 0.0175781
1 0.49375 0.435547 0.0296875 0.0253906
1 0.414063 0.542969 0.0171875 0.0332031
1 0.4125 0.716797 0.0234375 0.0332031
1 0.409375 0.277344 0.0265625 0.0332031
1 0.671875 0.150391 0.0265625 0.0175781
1 0.3875 0.244141 0.0171875 0.0253906
1 0.379688 0.736328 0.0296875 0.0371094
1 0.35625 0.714844 0.0328125 0.0292969
1 0.675 0.173828 0.0234375 0.0332031
1 0.742188 0.126953 0.0203125 0.0410156
1 0.414063 0.275391 0.0171875 0.0253906
