1 0.476563 0.4375 0.0265625 0.0214844
1 0.490625 0.453125 0.0296875 0.0175781
1 0.414063 0.546875 0.0171875 0.0332031
1 0.40625 0.28125 0.0265625 0.0332031
1 0.49375 0.4375 0.0296875 0.0253906
1 0.4125 0.71875 0.0234375 0.0332031
1 0.3875 0.246094 0.0171875 0.0253906
1 0.742188 0.126953 0.0203125 0.0410156
1 0.671875 0.152344 0.0265625 0.0175781
1 0.675 0.179688 0.0234375 0.0332031
1 0.35625 0.71875 0.0328125 0.0292969
1 0.379688 0.744141 0.0296875 0.0371094
1 0.4125 0.275391 0.0140625 0.0253906
