1 0.671875 0.109375 0.0265625 0.0175781
1 0.415625 0.501953 0.0171875 0.0332031
1 0.476563 0.390625 0.0265625 0.0214844
1 0.407813 0.236328 0.0265625 0.0332031
1 0.492188 0.408203 0.0296875 0.0175781
1 0.3875 0.203125 0.0171875 0.0253906
1 0.4125 0.675781 0.0234375 0.0332031
1 0.35625 0.671875 0.0328125 0.0292969
1 0.74375 0.0878906 0.0203125 0.0410156
1 0.496875 0.394531 0.0296875 0.0253906
1 0.675 0.134766 0.0234375 0.0332031
1 0.379688 0.701172 0.0296875 0.0371094
1 0.414063 0.232422 0.0171875 0.0253906
