1 0.409375 0.640625 0.0109375 0.0253906
1 0.490625 0.558594 0.0265625 0.0175781
1 0.410938 0.376953 0.0203125 0.0253906
1 0.390625 0.347656 0.0203125 0.0253906
1 0.478125 0.541016 0.0265625 0.0253906
1 0.496875 0.542969 0.0265625 0.0214844
1 0.675 0.291016 0.0203125 0.0332031
1 0.407813 0.8125 0.0203125 0.0214844
1 0.675 0.265625 0.0359375 0.0292969
1 0.371875 0.837891 0.0234375 0.0332031
1 0.74375 0.242188 0.0203125 0.0410156
1 0.35 0.8125 0.0328125 0.0292969
1 0.415625 0.376953 0.0140625 0.0253906
