1 0.484375 0.625 0.0265625 0.0175781
1 0.409375 0.445313 0.0203125 0.0253906
1 0.490625 0.609375 0.0265625 0.0214844
1 0.390625 0.416016 0.0203125 0.0253906
1 0.392188 0.873047 0.0203125 0.0214844
1 0.4 0.703125 0.0109375 0.0253906
1 0.675 0.345703 0.0359375 0.0292969
1 0.675 0.371094 0.0203125 0.0332031
1 0.470313 0.609375 0.0265625 0.0253906
1 0.74375 0.328125 0.0203125 0.0410156
1 0.35625 0.894531 0.0234375 0.0332031
1 0.334375 0.871094 0.0328125 0.0292969
1 0.415625 0.447266 0.0109375 0.0292969
