1 0.40625 0.804688 0.0109375 0.0253906
1 0.49375 0.703125 0.0265625 0.0214844
1 0.403125 0.96875 0.0203125 0.0214844
1 0.475 0.703125 0.0265625 0.0253906
1 0.671875 0.4375 0.0359375 0.0292969
1 0.390625 0.515625 0.0203125 0.0253906
1 0.66875 0.460938 0.0203125 0.0332031
1 0.4875 0.71875 0.0265625 0.0175781
1 0.409375 0.544922 0.0203125 0.0253906
1 0.7375 0.416016 0.0203125 0.0410156
1 0.36875 0.990234 0.0234375 0.0214844
1 0.345313 0.96875 0.0328125 0.0292969
1 0.414063 0.544922 0.0140625 0.0253906
