1 0.403125 0.791016 0.0109375 0.0253906
1 0.485938 0.705078 0.0265625 0.0175781
1 0.4 0.955078 0.0203125 0.0214844
1 0.3875 0.5 0.0203125 0.0253906
1 0.409375 0.53125 0.0203125 0.0253906
1 0.492188 0.691406 0.0265625 0.0214844
1 0.473438 0.689453 0.0265625 0.0253906
1 0.671875 0.425781 0.0359375 0.0292969
1 0.66875 0.449219 0.0203125 0.0332031
1 0.367188 0.982422 0.0234375 0.0332031
1 0.340625 0.955078 0.0328125 0.0292969
1 0.7375 0.402344 0.0203125 0.0410156
1 0.415625 0.53125 0.0140625 0.0253906
