1 0.414063 0.509766 0.0171875 0.0332031
1 0.490625 0.416016 0.0296875 0.0175781
1 0.66875 0.111328 0.0265625 0.0175781
1 0.49375 0.400391 0.0296875 0.0253906
1 0.40625 0.242188 0.0265625 0.0332031
1 0.4125 0.685547 0.0234375 0.0332031
1 0.3875 0.207031 0.0171875 0.0253906
1 0.475 0.398438 0.0265625 0.0214844
1 0.740625 0.0878906 0.0203125 0.0410156
1 0.35625 0.683594 0.0328125 0.0292969
1 0.673438 0.136719 0.0234375 0.0332031
1 0.378125 0.705078 0.0296875 0.0371094
1 0.4125 0.234375 0.0140625 0.0253906
