1 0.407813 0.486328 0.0203125 0.0253906
1 0.396875 0.748047 0.0109375 0.0253906
1 0.465625 0.650391 0.0265625 0.0253906
1 0.671875 0.390625 0.0359375 0.0292969
1 0.671875 0.416016 0.0203125 0.0332031
1 0.3875 0.460938 0.0203125 0.0253906
1 0.390625 0.916016 0.0203125 0.0214844
1 0.489063 0.654297 0.0265625 0.0214844
1 0.48125 0.669922 0.0265625 0.0175781
1 0.740625 0.373047 0.0203125 0.0410156
1 0.33125 0.910156 0.0328125 0.0292969
1 0.353125 0.9375 0.0234375 0.0332031
1 0.414063 0.488281 0.0140625 0.0253906
