1 0.410938 0.634766 0.0109375 0.0253906
1 0.496875 0.533203 0.0265625 0.0214844
1 0.478125 0.53125 0.0265625 0.0253906
1 0.407813 0.804688 0.0203125 0.0214844
1 0.492188 0.548828 0.0265625 0.0175781
1 0.39375 0.341797 0.0203125 0.0253906
1 0.410938 0.373047 0.0203125 0.0253906
1 0.678125 0.28125 0.0203125 0.0332031
1 0.675 0.253906 0.0359375 0.0292969
1 0.745313 0.232422 0.0203125 0.0410156
1 0.351563 0.804688 0.0328125 0.0292969
1 0.36875 0.828125 0.0296875 0.0371094
1 0.415625 0.369141 0.0140625 0.0253906
