1 0.673438 0.0898438 0.0265625 0.0175781
1 0.490625 0.388672 0.0296875 0.0175781
1 0.414063 0.482422 0.0171875 0.0332031
1 0.49375 0.375 0.0296875 0.0253906
1 0.409375 0.65625 0.0234375 0.0332031
1 0.407813 0.214844 0.0265625 0.0332031
1 0.476563 0.373047 0.0265625 0.0214844
1 0.3875 0.181641 0.0171875 0.0253906
1 0.745313 0.0644531 0.0203125 0.0410156
1 0.353125 0.654297 0.0328125 0.0292969
1 0.376563 0.679688 0.0296875 0.0371094
1 0.675 0.111328 0.0234375 0.0332031
1 0.414063 0.207031 0.0140625 0.0214844
