1 0.471875 0.316406 0.0265625 0.0214844
1 0.4875 0.332031 0.0296875 0.0175781
1 0.492188 0.316406 0.0296875 0.0253906
1 0.4 0.160156 0.0265625 0.0332031
1 0.410938 0.607422 0.0234375 0.0332031
1 0.665625 0.0273438 0.0265625 0.0175781
1 0.667188 0.0546875 0.0234375 0.0332031
1 0.409375 0.429688 0.0203125 0.0332031
1 0.35625 0.605469 0.0328125 0.0292969
1 0.379688 0.628906 0.0296875 0.0371094
1 0.38125 0.128906 0.0171875 0.0253906
1 0.40625 0.15625 0.0140625 0.0175781
1 0.735938 0.00976563 0.0171875 0.0214844
