1 0.403125 0.792969 0.0109375 0.0253906
1 0.409375 0.53125 0.0203125 0.0253906
1 0.484375 0.707031 0.0265625 0.0175781
1 0.471875 0.691406 0.0265625 0.0253906
1 0.390625 0.503906 0.0203125 0.0253906
1 0.66875 0.451172 0.0203125 0.0332031
1 0.66875 0.425781 0.0359375 0.0292969
1 0.49375 0.695313 0.0265625 0.0214844
1 0.4 0.955078 0.0203125 0.0214844
1 0.367188 0.984375 0.0234375 0.0332031
1 0.7375 0.40625 0.0203125 0.0410156
1 0.34375 0.957031 0.0328125 0.0292969
1 0.414063 0.533203 0.0109375 0.0253906
