1 0.396875 0.712891 0.0109375 0.0253906
1 0.48125 0.628906 0.0265625 0.0175781
1 0.489063 0.613281 0.0265625 0.0214844
1 0.407813 0.449219 0.0203125 0.0253906
1 0.390625 0.876953 0.0203125 0.0214844
1 0.390625 0.419922 0.0203125 0.0253906
1 0.675 0.353516 0.0359375 0.0292969
1 0.74375 0.330078 0.0203125 0.0410156
1 0.46875 0.613281 0.0265625 0.0253906
1 0.353125 0.902344 0.0234375 0.0332031
1 0.33125 0.875 0.0328125 0.0292969
1 0.675 0.375 0.0203125 0.0332031
1 0.414063 0.449219 0.0140625 0.0253906
