1 0.4 0.767578 0.0109375 0.0253906
1 0.395313 0.9375 0.0203125 0.0214844
1 0.407813 0.509766 0.0203125 0.0253906
1 0.390625 0.480469 0.0203125 0.0253906
1 0.48125 0.6875 0.0265625 0.0175781
1 0.492188 0.671875 0.0265625 0.0214844
1 0.671875 0.431641 0.0203125 0.0332031
1 0.673438 0.408203 0.0359375 0.0292969
1 0.470313 0.671875 0.0265625 0.0253906
1 0.740625 0.388672 0.0203125 0.0410156
1 0.359375 0.960938 0.0234375 0.0332031
1 0.335938 0.935547 0.0328125 0.0292969
1 0.414063 0.509766 0.0140625 0.0253906
