1 0.49375 0.529297 0.0265625 0.0175781
1 0.414063 0.617188 0.0109375 0.0253906
1 0.4125 0.789063 0.0203125 0.0214844
1 0.414063 0.353516 0.0203125 0.0253906
1 0.395313 0.322266 0.0203125 0.0253906
1 0.678125 0.234375 0.0359375 0.0292969
1 0.679688 0.259766 0.0203125 0.0332031
1 0.501563 0.513672 0.0265625 0.0214844
1 0.48125 0.513672 0.0265625 0.0253906
1 0.745313 0.210938 0.0203125 0.0410156
1 0.353125 0.783203 0.0328125 0.0292969
1 0.375 0.810547 0.0296875 0.0371094
1 0.41875 0.347656 0.0171875 0.0214844
