1 0.4125 0.609375 0.0109375 0.0253906
1 0.409375 0.78125 0.0203125 0.0214844
1 0.490625 0.523438 0.0265625 0.0175781
1 0.392188 0.3125 0.0203125 0.0253906
1 0.478125 0.503906 0.0265625 0.0253906
1 0.5 0.507813 0.0265625 0.0214844
1 0.675 0.251953 0.0203125 0.0332031
1 0.410938 0.345703 0.0203125 0.0253906
1 0.74375 0.203125 0.0203125 0.0410156
1 0.675 0.228516 0.0359375 0.0292969
1 0.371875 0.806641 0.0296875 0.0371094
1 0.351563 0.78125 0.0328125 0.0292969
1 0.415625 0.34375 0.0140625 0.0175781
