1 0.40625 0.666016 0.0109375 0.0253906
1 0.489063 0.582031 0.0265625 0.0175781
1 0.403125 0.835938 0.0203125 0.0214844
1 0.496875 0.566406 0.0265625 0.0214844
1 0.392188 0.373047 0.0203125 0.0253906
1 0.675 0.294922 0.0359375 0.0292969
1 0.476563 0.564453 0.0265625 0.0253906
1 0.675 0.316406 0.0203125 0.0332031
1 0.36875 0.859375 0.0234375 0.0332031
1 0.410938 0.402344 0.0203125 0.0253906
1 0.745313 0.273438 0.0203125 0.0410156
1 0.34375 0.835938 0.0328125 0.0292969
1 0.41875 0.404297 0.0140625 0.0253906
