1 0.410938 0.804688 0.0203125 0.0214844
1 0.4125 0.373047 0.0203125 0.0253906
1 0.492188 0.546875 0.0265625 0.0175781
1 0.478125 0.53125 0.0265625 0.0253906
1 0.4125 0.632813 0.0109375 0.0253906
1 0.39375 0.339844 0.0203125 0.0253906
1 0.5 0.53125 0.0265625 0.0214844
1 0.675 0.251953 0.0359375 0.0292969
1 0.679688 0.279297 0.0203125 0.0332031
1 0.746875 0.230469 0.0203125 0.0410156
1 0.353125 0.798828 0.0328125 0.0292969
1 0.371875 0.826172 0.0296875 0.0371094
1 0.41875 0.369141 0.0140625 0.0253906
