1 0.671875 0.0957031 0.0265625 0.0175781
1 0.475 0.382813 0.0265625 0.0214844
1 0.4125 0.494141 0.0171875 0.0332031
1 0.490625 0.400391 0.0296875 0.0175781
1 0.49375 0.386719 0.0296875 0.0253906
1 0.3875 0.189453 0.0171875 0.0253906
1 0.40625 0.222656 0.0265625 0.0332031
1 0.74375 0.0742188 0.0203125 0.0410156
1 0.35625 0.667969 0.0328125 0.0292969
1 0.675 0.123047 0.0234375 0.0332031
1 0.410938 0.671875 0.0234375 0.0332031
1 0.378125 0.691406 0.0296875 0.0371094
1 0.4125 0.21875 0.0140625 0.0175781
