1 0.407813 0.65625 0.0109375 0.0253906
1 0.403125 0.828125 0.0203125 0.0214844
1 0.390625 0.363281 0.0203125 0.0253906
1 0.476563 0.556641 0.0265625 0.0253906
1 0.496875 0.558594 0.0265625 0.0214844
1 0.410938 0.392578 0.0203125 0.0253906
1 0.675 0.306641 0.0203125 0.0332031
1 0.489063 0.574219 0.0265625 0.0175781
1 0.675 0.28125 0.0359375 0.0292969
1 0.742188 0.259766 0.0203125 0.0410156
1 0.345313 0.826172 0.0328125 0.0292969
1 0.36875 0.853516 0.0234375 0.0332031
1 0.415625 0.392578 0.0140625 0.0253906
