1 0.484375 0.611328 0.0265625 0.0175781
1 0.409375 0.431641 0.0203125 0.0253906
1 0.473438 0.595703 0.0265625 0.0253906
1 0.492188 0.595703 0.0265625 0.0214844
1 0.390625 0.402344 0.0203125 0.0253906
1 0.4 0.695313 0.0109375 0.0253906
1 0.675 0.355469 0.0203125 0.0332031
1 0.395313 0.861328 0.0203125 0.0214844
1 0.675 0.330078 0.0359375 0.0292969
1 0.74375 0.3125 0.0203125 0.0410156
1 0.359375 0.888672 0.0234375 0.0332031
1 0.335938 0.861328 0.0328125 0.0292969
1 0.415625 0.431641 0.0109375 0.0253906
