1 0.489063 0.576172 0.0265625 0.0175781
1 0.410938 0.394531 0.0203125 0.0253906
1 0.392188 0.369141 0.0203125 0.0253906
1 0.496875 0.560547 0.0265625 0.0214844
1 0.476563 0.558594 0.0265625 0.0253906
1 0.40625 0.828125 0.0203125 0.0214844
1 0.675 0.289063 0.0359375 0.0292969
1 0.675 0.3125 0.0203125 0.0332031
1 0.409375 0.658203 0.0109375 0.0253906
1 0.74375 0.263672 0.0203125 0.0410156
1 0.36875 0.855469 0.0234375 0.0332031
1 0.346875 0.828125 0.0328125 0.0292969
1 0.415625 0.394531 0.0109375 0.0214844
