1 0.407813 0.654297 0.0109375 0.0253906
1 0.496875 0.550781 0.0265625 0.0214844
1 0.390625 0.359375 0.0203125 0.0253906
1 0.40625 0.822266 0.0203125 0.0214844
1 0.476563 0.548828 0.0265625 0.0253906
1 0.409375 0.388672 0.0203125 0.0253906
1 0.675 0.279297 0.0359375 0.0292969
1 0.675 0.300781 0.0203125 0.0332031
1 0.74375 0.253906 0.0203125 0.0410156
1 0.489063 0.566406 0.0265625 0.0175781
1 0.36875 0.845703 0.0234375 0.0332031
1 0.346875 0.824219 0.0328125 0.0292969
1 0.415625 0.388672 0.0140625 0.0253906
