1 0.414063 0.462891 0.0171875 0.0332031
1 0.66875 0.0625 0.0265625 0.0175781
1 0.49375 0.353516 0.0296875 0.0253906
1 0.473438 0.351563 0.0265625 0.0214844
1 0.384375 0.158203 0.0171875 0.0253906
1 0.40625 0.195313 0.0265625 0.0332031
1 0.410938 0.638672 0.0234375 0.0332031
1 0.490625 0.367188 0.0296875 0.0175781
1 0.353125 0.634766 0.0328125 0.0292969
1 0.742188 0.0410156 0.0203125 0.0410156
1 0.675 0.0898438 0.0234375 0.0332031
1 0.378125 0.658203 0.0296875 0.0371094
1 0.4125 0.189453 0.0140625 0.0214844
