1 0.415625 0.517578 0.0171875 0.0332031
1 0.496875 0.40625 0.0296875 0.0253906
1 0.475 0.40625 0.0265625 0.0214844
1 0.407813 0.25 0.0265625 0.0332031
1 0.492188 0.421875 0.0296875 0.0175781
1 0.3875 0.21875 0.0171875 0.0253906
1 0.671875 0.123047 0.0265625 0.0175781
1 0.414063 0.689453 0.0234375 0.0332031
1 0.675 0.148438 0.0234375 0.0332031
1 0.742188 0.0976563 0.0203125 0.0410156
1 0.379688 0.716797 0.0296875 0.0371094
1 0.35625 0.689453 0.0328125 0.0292969
1 0.414063 0.248047 0.0171875 0.0292969
