1 0.49375 0.53125 0.0265625 0.0175781
1 0.395313 0.326172 0.0203125 0.0253906
1 0.501563 0.515625 0.0265625 0.0214844
1 0.48125 0.515625 0.0265625 0.0253906
1 0.414063 0.619141 0.0109375 0.0253906
1 0.678125 0.236328 0.0359375 0.0292969
1 0.414063 0.357422 0.0203125 0.0253906
1 0.4125 0.791016 0.0203125 0.0214844
1 0.679688 0.263672 0.0203125 0.0332031
1 0.376563 0.8125 0.0296875 0.0371094
1 0.746875 0.214844 0.0203125 0.0410156
1 0.35625 0.789063 0.0328125 0.0292969
1 0.41875 0.353516 0.0109375 0.0175781
