1 0.395313 0.728516 0.0109375 0.0253906
1 0.407813 0.466797 0.0203125 0.0253906
1 0.4875 0.634766 0.0265625 0.0214844
1 0.3875 0.4375 0.0203125 0.0253906
1 0.46875 0.632813 0.0265625 0.0253906
1 0.675 0.375 0.0359375 0.0292969
1 0.3875 0.892578 0.0203125 0.0214844
1 0.478125 0.650391 0.0265625 0.0175781
1 0.673438 0.394531 0.0203125 0.0332031
1 0.353125 0.917969 0.0234375 0.0332031
1 0.742188 0.355469 0.0203125 0.0410156
1 0.329688 0.892578 0.0328125 0.0292969
1 0.415625 0.46875 0.0140625 0.0332031
