1 0.4 0.753906 0.0109375 0.0253906
1 0.48125 0.675781 0.0265625 0.0175781
1 0.409375 0.496094 0.0203125 0.0253906
1 0.39375 0.921875 0.0203125 0.0214844
1 0.470313 0.658203 0.0265625 0.0253906
1 0.490625 0.658203 0.0265625 0.0214844
1 0.675 0.398438 0.0359375 0.0292969
1 0.390625 0.466797 0.0203125 0.0253906
1 0.673438 0.421875 0.0203125 0.0332031
1 0.742188 0.376953 0.0203125 0.0410156
1 0.35625 0.947266 0.0234375 0.0332031
1 0.334375 0.921875 0.0328125 0.0292969
1 0.415625 0.498047 0.0140625 0.0253906
