1 0.407813 0.503906 0.0203125 0.0253906
1 0.395313 0.933594 0.0203125 0.0214844
1 0.3875 0.476563 0.0203125 0.0253906
1 0.4 0.765625 0.0109375 0.0253906
1 0.490625 0.669922 0.0265625 0.0214844
1 0.673438 0.429688 0.0203125 0.0332031
1 0.470313 0.667969 0.0265625 0.0253906
1 0.673438 0.40625 0.0359375 0.0292969
1 0.48125 0.685547 0.0265625 0.0175781
1 0.740625 0.386719 0.0203125 0.0410156
1 0.359375 0.955078 0.0234375 0.0332031
1 0.3375 0.931641 0.0328125 0.0292969
1 0.415625 0.507813 0.0140625 0.0253906
