1 0.671875 0.132813 0.0265625 0.0175781
1 0.415625 0.525391 0.0171875 0.0332031
1 0.476563 0.416016 0.0265625 0.0214844
1 0.49375 0.431641 0.0296875 0.0175781
1 0.3875 0.226563 0.0171875 0.0253906
1 0.49375 0.416016 0.0296875 0.0253906
1 0.414063 0.701172 0.0234375 0.0332031
1 0.742188 0.109375 0.0203125 0.0410156
1 0.379688 0.720703 0.0296875 0.0371094
1 0.35625 0.699219 0.0328125 0.0292969
1 0.409375 0.259766 0.0265625 0.0332031
1 0.675 0.15625 0.0234375 0.0332031
1 0.415625 0.253906 0.0140625 0.0253906
