1 0.490625 0.373047 0.0296875 0.0175781
1 0.475 0.355469 0.0265625 0.0214844
1 0.414063 0.466797 0.0171875 0.0332031
1 0.49375 0.357422 0.0296875 0.0253906
1 0.384375 0.164063 0.0171875 0.0253906
1 0.410938 0.640625 0.0234375 0.0332031
1 0.40625 0.197266 0.0265625 0.0332031
1 0.66875 0.0664063 0.0265625 0.0175781
1 0.673438 0.09375 0.0234375 0.0332031
1 0.740625 0.0449219 0.0203125 0.0410156
1 0.35625 0.640625 0.0328125 0.0292969
1 0.378125 0.666016 0.0296875 0.0371094
1 0.4125 0.191406 0.0140625 0.0253906
