1 0.489063 0.591797 0.0265625 0.0175781
1 0.410938 0.408203 0.0203125 0.0253906
1 0.40625 0.671875 0.0109375 0.0253906
1 0.476563 0.574219 0.0265625 0.0253906
1 0.496875 0.576172 0.0265625 0.0214844
1 0.392188 0.378906 0.0203125 0.0253906
1 0.675 0.304688 0.0359375 0.0292969
1 0.4 0.84375 0.0203125 0.0214844
1 0.675 0.328125 0.0203125 0.0332031
1 0.74375 0.28125 0.0203125 0.0410156
1 0.365625 0.869141 0.0234375 0.0332031
1 0.34375 0.84375 0.0328125 0.0292969
1 0.415625 0.410156 0.0140625 0.0253906
