1 0.40625 0.669922 0.0109375 0.0253906
1 0.4875 0.585938 0.0265625 0.0175781
1 0.49375 0.570313 0.0265625 0.0214844
1 0.390625 0.375 0.0203125 0.0253906
1 0.475 0.566406 0.0265625 0.0253906
1 0.409375 0.40625 0.0203125 0.0253906
1 0.675 0.296875 0.0359375 0.0292969
1 0.403125 0.839844 0.0203125 0.0214844
1 0.675 0.322266 0.0203125 0.0332031
1 0.74375 0.277344 0.0203125 0.0410156
1 0.36875 0.861328 0.0234375 0.0332031
1 0.34375 0.837891 0.0328125 0.0292969
1 0.415625 0.404297 0.0140625 0.0253906
