1 0.664063 0.0234375 0.0265625 0.0175781
1 0.485938 0.328125 0.0296875 0.0175781
1 0.492188 0.314453 0.0296875 0.0253906
1 0.470313 0.3125 0.0265625 0.0214844
1 0.66875 0.0507813 0.0234375 0.0332031
1 0.410938 0.601563 0.0234375 0.0332031
1 0.407813 0.425781 0.0203125 0.0332031
1 0.4 0.158203 0.0265625 0.0332031
1 0.353125 0.601563 0.0328125 0.0292969
1 0.379688 0.625 0.0296875 0.0371094
1 0.38125 0.125 0.0171875 0.0253906
1 0.40625 0.154297 0.0140625 0.0175781
1 0.734375 0.00585938 0.0171875 0.015625
