1 0.40625 0.460938 0.0203125 0.0253906
1 0.395313 0.720703 0.0109375 0.0253906
1 0.3875 0.888672 0.0203125 0.0214844
1 0.478125 0.640625 0.0265625 0.0175781
1 0.465625 0.625 0.0265625 0.0253906
1 0.4875 0.626953 0.0265625 0.0214844
1 0.673438 0.390625 0.0203125 0.0332031
1 0.675 0.367188 0.0359375 0.0292969
1 0.3875 0.431641 0.0203125 0.0253906
1 0.742188 0.345703 0.0203125 0.0410156
1 0.351563 0.910156 0.0234375 0.0332031
1 0.329688 0.886719 0.0328125 0.0292969
1 0.414063 0.462891 0.0140625 0.0292969
