1 0.4 0.78125 0.0109375 0.0253906
1 0.398438 0.947266 0.0203125 0.0214844
1 0.3875 0.492188 0.0203125 0.0253906
1 0.484375 0.699219 0.0265625 0.0175781
1 0.492188 0.685547 0.0265625 0.0214844
1 0.407813 0.517578 0.0203125 0.0253906
1 0.671875 0.419922 0.0359375 0.0292969
1 0.66875 0.439453 0.0203125 0.0332031
1 0.3625 0.970703 0.0234375 0.0332031
1 0.470313 0.683594 0.0265625 0.0253906
1 0.7375 0.398438 0.0203125 0.0410156
1 0.340625 0.945313 0.0328125 0.0292969
1 0.4125 0.523438 0.0140625 0.0214844
