1 0.410938 0.808594 0.0203125 0.0214844
1 0.478125 0.533203 0.0265625 0.0253906
1 0.392188 0.34375 0.0203125 0.0253906
1 0.492188 0.550781 0.0265625 0.0175781
1 0.4125 0.373047 0.0203125 0.0253906
1 0.5 0.535156 0.0265625 0.0214844
1 0.678125 0.28125 0.0203125 0.0332031
1 0.675 0.259766 0.0359375 0.0292969
1 0.745313 0.234375 0.0203125 0.0410156
1 0.4125 0.638672 0.0109375 0.0253906
1 0.351563 0.808594 0.0328125 0.0292969
1 0.376563 0.832031 0.0234375 0.0332031
1 0.41875 0.373047 0.0140625 0.0253906
