1 0.476563 0.449219 0.0265625 0.0214844
1 0.673438 0.167969 0.0265625 0.0175781
1 0.409375 0.294922 0.0265625 0.0332031
1 0.496875 0.449219 0.0296875 0.0253906
1 0.49375 0.464844 0.0296875 0.0175781
1 0.415625 0.558594 0.0171875 0.0332031
1 0.4125 0.732422 0.0234375 0.0332031
1 0.3875 0.261719 0.0171875 0.0253906
1 0.74375 0.142578 0.0203125 0.0410156
1 0.35625 0.730469 0.0328125 0.0292969
1 0.379688 0.753906 0.0296875 0.0371094
1 0.675 0.191406 0.0234375 0.0332031
1 0.414063 0.289063 0.0109375 0.0253906
