1 0.478125 0.644531 0.0265625 0.0175781
1 0.395313 0.726563 0.0109375 0.0253906
1 0.390625 0.435547 0.0203125 0.0253906
1 0.40625 0.464844 0.0203125 0.0253906
1 0.489063 0.628906 0.0265625 0.0214844
1 0.465625 0.626953 0.0265625 0.0253906
1 0.3875 0.890625 0.0203125 0.0214844
1 0.673438 0.392578 0.0203125 0.0332031
1 0.673438 0.371094 0.0359375 0.0292969
1 0.351563 0.917969 0.0234375 0.0332031
1 0.742188 0.351563 0.0203125 0.0410156
1 0.329688 0.890625 0.0328125 0.0292969
1 0.414063 0.466797 0.0140625 0.0253906
