1 0.409375 0.650391 0.0109375 0.0253906
1 0.478125 0.546875 0.0265625 0.0253906
1 0.409375 0.384766 0.0203125 0.0253906
1 0.496875 0.546875 0.0265625 0.0214844
1 0.675 0.275391 0.0359375 0.0292969
1 0.390625 0.357422 0.0203125 0.0253906
1 0.407813 0.820313 0.0203125 0.0214844
1 0.490625 0.5625 0.0265625 0.0175781
1 0.675 0.296875 0.0203125 0.0332031
1 0.74375 0.25 0.0203125 0.0410156
1 0.371875 0.84375 0.0234375 0.0332031
1 0.348438 0.816406 0.0328125 0.0292969
1 0.415625 0.386719 0.0140625 0.0253906
