1 0.390625 0.388672 0.0203125 0.0253906
1 0.485938 0.595703 0.0265625 0.0175781
1 0.49375 0.580078 0.0265625 0.0214844
1 0.403125 0.679688 0.0109375 0.0253906
1 0.473438 0.580078 0.0265625 0.0253906
1 0.4 0.845703 0.0203125 0.0214844
1 0.409375 0.417969 0.0203125 0.0253906
1 0.675 0.335938 0.0203125 0.0332031
1 0.74375 0.291016 0.0203125 0.0410156
1 0.675 0.3125 0.0359375 0.0292969
1 0.364063 0.873047 0.0234375 0.0332031
1 0.340625 0.845703 0.0328125 0.0292969
1 0.415625 0.417969 0.0109375 0.0253906
