1 0.48125 0.660156 0.0265625 0.0175781
1 0.398438 0.742188 0.0109375 0.0253906
1 0.489063 0.648438 0.0265625 0.0214844
1 0.409375 0.480469 0.0203125 0.0253906
1 0.470313 0.644531 0.0265625 0.0253906
1 0.392188 0.90625 0.0203125 0.0214844
1 0.675 0.386719 0.0359375 0.0292969
1 0.673438 0.408203 0.0203125 0.0332031
1 0.390625 0.453125 0.0203125 0.0253906
1 0.742188 0.367188 0.0203125 0.0410156
1 0.35625 0.931641 0.0234375 0.0332031
1 0.33125 0.90625 0.0328125 0.0292969
1 0.415625 0.482422 0.0140625 0.0253906
