1 0.414063 0.550781 0.0171875 0.0332031
1 0.492188 0.457031 0.0296875 0.0175781
1 0.409375 0.289063 0.0265625 0.0332031
1 0.49375 0.445313 0.0296875 0.0253906
1 0.476563 0.441406 0.0265625 0.0214844
1 0.3875 0.253906 0.0171875 0.0253906
1 0.4125 0.728516 0.0234375 0.0332031
1 0.673438 0.160156 0.0265625 0.0175781
1 0.35625 0.722656 0.0328125 0.0292969
1 0.74375 0.138672 0.0203125 0.0410156
1 0.675 0.1875 0.0234375 0.0332031
1 0.379688 0.75 0.0296875 0.0371094
1 0.414063 0.28125 0.0140625 0.0253906
