1 0.673438 0.171875 0.0265625 0.0175781
1 0.490625 0.46875 0.0296875 0.0175781
1 0.496875 0.455078 0.0296875 0.0253906
1 0.476563 0.455078 0.0265625 0.0214844
1 0.415625 0.564453 0.0171875 0.0332031
1 0.409375 0.296875 0.0265625 0.0332031
1 0.4125 0.736328 0.0234375 0.0332031
1 0.3875 0.265625 0.0171875 0.0253906
1 0.35625 0.734375 0.0328125 0.0292969
1 0.74375 0.148438 0.0203125 0.0410156
1 0.675 0.197266 0.0234375 0.0332031
1 0.378125 0.759766 0.0296875 0.0371094
1 0.415625 0.294922 0.0140625 0.0214844
