1 0.473438 0.326172 0.0265625 0.0214844
1 0.4875 0.341797 0.0296875 0.0175781
1 0.49375 0.326172 0.0296875 0.0253906
1 0.410938 0.4375 0.0203125 0.0332031
1 0.414063 0.609375 0.0234375 0.0332031
1 0.4 0.169922 0.0265625 0.0332031
1 0.665625 0.0351563 0.0265625 0.0175781
1 0.66875 0.0644531 0.0234375 0.0332031
1 0.35625 0.609375 0.0328125 0.0292969
1 0.382813 0.138672 0.0171875 0.0253906
1 0.382813 0.632813 0.0296875 0.0371094
1 0.735938 0.0136719 0.0171875 0.03125
1 0.409375 0.166016 0.0140625 0.0214844
