1 0.407813 0.65625 0.0109375 0.0253906
1 0.490625 0.570313 0.0265625 0.0175781
1 0.410938 0.390625 0.0203125 0.0253906
1 0.496875 0.554688 0.0265625 0.0214844
1 0.392188 0.359375 0.0203125 0.0253906
1 0.478125 0.554688 0.0265625 0.0253906
1 0.407813 0.822266 0.0203125 0.0214844
1 0.675 0.28125 0.0359375 0.0292969
1 0.675 0.304688 0.0203125 0.0332031
1 0.74375 0.257813 0.0203125 0.0410156
1 0.371875 0.847656 0.0234375 0.0332031
1 0.348438 0.824219 0.0328125 0.0292969
1 0.415625 0.390625 0.0140625 0.0292969
