1 0.484375 0.689453 0.0265625 0.0175781
1 0.396875 0.9375 0.0203125 0.0214844
1 0.407813 0.509766 0.0203125 0.0253906
1 0.490625 0.673828 0.0265625 0.0214844
1 0.470313 0.671875 0.0265625 0.0253906
1 0.671875 0.435547 0.0203125 0.0332031
1 0.671875 0.410156 0.0359375 0.0292969
1 0.4 0.769531 0.0109375 0.0253906
1 0.3875 0.484375 0.0203125 0.0253906
1 0.740625 0.390625 0.0203125 0.0410156
1 0.360938 0.962891 0.0234375 0.0332031
1 0.3375 0.9375 0.0328125 0.0292969
1 0.414063 0.511719 0.0140625 0.0253906
