1 0.478125 0.634766 0.0265625 0.0175781
1 0.3875 0.421875 0.0203125 0.0253906
1 0.3875 0.878906 0.0203125 0.0214844
1 0.395313 0.714844 0.0109375 0.0253906
1 0.407813 0.451172 0.0203125 0.0253906
1 0.465625 0.617188 0.0265625 0.0253906
1 0.673438 0.378906 0.0203125 0.0332031
1 0.4875 0.619141 0.0265625 0.0214844
1 0.673438 0.357422 0.0359375 0.0292969
1 0.329688 0.878906 0.0328125 0.0292969
1 0.742188 0.335938 0.0203125 0.0410156
1 0.353125 0.90625 0.0234375 0.0332031
1 0.4125 0.451172 0.0140625 0.0253906
