1 0.475 0.378906 0.0265625 0.0214844
1 0.414063 0.488281 0.0171875 0.0332031
1 0.492188 0.394531 0.0296875 0.0175781
1 0.49375 0.378906 0.0296875 0.0253906
1 0.673438 0.0976563 0.0265625 0.0175781
1 0.409375 0.220703 0.0265625 0.0332031
1 0.410938 0.660156 0.0234375 0.0332031
1 0.3875 0.189453 0.0171875 0.0253906
1 0.74375 0.0761719 0.0203125 0.0410156
1 0.378125 0.6875 0.0296875 0.0371094
1 0.353125 0.658203 0.0328125 0.0292969
1 0.675 0.125 0.0234375 0.0332031
1 0.415625 0.21875 0.0140625 0.0175781
