1 0.48125 0.681641 0.0265625 0.0175781
1 0.46875 0.664063 0.0265625 0.0253906
1 0.489063 0.666016 0.0265625 0.0214844
1 0.390625 0.470703 0.0203125 0.0253906
1 0.398438 0.761719 0.0109375 0.0253906
1 0.671875 0.425781 0.0203125 0.0332031
1 0.671875 0.404297 0.0359375 0.0292969
1 0.409375 0.5 0.0203125 0.0253906
1 0.39375 0.925781 0.0203125 0.0214844
1 0.740625 0.384766 0.0203125 0.0410156
1 0.35625 0.951172 0.0234375 0.0332031
1 0.334375 0.923828 0.0328125 0.0292969
1 0.415625 0.5 0.0140625 0.0253906
