1 0.476563 0.429688 0.0265625 0.0214844
1 0.490625 0.447266 0.0296875 0.0175781
1 0.49375 0.431641 0.0296875 0.0253906
1 0.671875 0.148438 0.0265625 0.0175781
1 0.414063 0.541016 0.0171875 0.0332031
1 0.3875 0.242188 0.0171875 0.0253906
1 0.407813 0.273438 0.0265625 0.0332031
1 0.742188 0.125 0.0203125 0.0410156
1 0.378125 0.734375 0.0296875 0.0371094
1 0.675 0.171875 0.0234375 0.0332031
1 0.35625 0.710938 0.0328125 0.0292969
1 0.410938 0.712891 0.0234375 0.0332031
1 0.414063 0.267578 0.0140625 0.0253906
