1 0.398438 0.738281 0.0109375 0.0253906
1 0.3875 0.449219 0.0203125 0.0253906
1 0.407813 0.478516 0.0203125 0.0253906
1 0.489063 0.642578 0.0265625 0.0214844
1 0.46875 0.640625 0.0265625 0.0253906
1 0.673438 0.40625 0.0203125 0.0332031
1 0.673438 0.384766 0.0359375 0.0292969
1 0.3875 0.90625 0.0203125 0.0214844
1 0.478125 0.658203 0.0265625 0.0175781
1 0.33125 0.904297 0.0328125 0.0292969
1 0.742188 0.363281 0.0203125 0.0410156
1 0.353125 0.931641 0.0234375 0.0332031
1 0.414063 0.480469 0.0109375 0.0214844
