1 0.490625 0.464844 0.0296875 0.0175781
1 0.49375 0.451172 0.0296875 0.0253906
1 0.66875 0.164063 0.0265625 0.0175781
1 0.476563 0.447266 0.0265625 0.0214844
1 0.414063 0.558594 0.0171875 0.0332031
1 0.407813 0.292969 0.0265625 0.0332031
1 0.410938 0.730469 0.0234375 0.0332031
1 0.3875 0.257813 0.0171875 0.0253906
1 0.74375 0.140625 0.0203125 0.0410156
1 0.35625 0.728516 0.0328125 0.0292969
1 0.379688 0.751953 0.0296875 0.0371094
1 0.675 0.189453 0.0234375 0.0332031
1 0.414063 0.283203 0.0171875 0.0253906
