1 0.671875 0.105469 0.0265625 0.0175781
1 0.476563 0.390625 0.0265625 0.0214844
1 0.415625 0.501953 0.0171875 0.0332031
1 0.492188 0.40625 0.0296875 0.0175781
1 0.3875 0.201172 0.0171875 0.0253906
1 0.496875 0.390625 0.0296875 0.0253906
1 0.407813 0.234375 0.0265625 0.0332031
1 0.35625 0.673828 0.0328125 0.0292969
1 0.74375 0.0800781 0.0203125 0.0410156
1 0.4125 0.675781 0.0234375 0.0332031
1 0.675 0.128906 0.0234375 0.0332031
1 0.379688 0.701172 0.0296875 0.0371094
1 0.415625 0.228516 0.0140625 0.0253906
