1 0.671875 0.142578 0.0265625 0.0175781
1 0.492188 0.441406 0.0296875 0.0175781
1 0.475 0.423828 0.0265625 0.0214844
1 0.49375 0.425781 0.0296875 0.0253906
1 0.4125 0.707031 0.0234375 0.0332031
1 0.415625 0.533203 0.0171875 0.0332031
1 0.407813 0.269531 0.0265625 0.0332031
1 0.3875 0.236328 0.0171875 0.0253906
1 0.35625 0.705078 0.0328125 0.0292969
1 0.742188 0.121094 0.0203125 0.0410156
1 0.379688 0.732422 0.0296875 0.0371094
1 0.675 0.169922 0.0234375 0.0332031
1 0.4125 0.265625 0.0140625 0.0175781
