1 0.496875 0.337891 0.0296875 0.0253906
1 0.66875 0.0488281 0.0265625 0.0175781
1 0.475 0.337891 0.0265625 0.0214844
1 0.414063 0.449219 0.0171875 0.0332031
1 0.40625 0.181641 0.0265625 0.0332031
1 0.490625 0.353516 0.0296875 0.0175781
1 0.414063 0.625 0.0234375 0.0332031
1 0.3875 0.148438 0.0171875 0.0253906
1 0.38125 0.648438 0.0296875 0.0371094
1 0.742188 0.0273438 0.0203125 0.0410156
1 0.673438 0.0761719 0.0234375 0.0332031
1 0.35625 0.623047 0.0328125 0.0292969
1 0.4125 0.175781 0.0140625 0.0175781
