1 0.475 0.453125 0.0265625 0.0214844
1 0.673438 0.171875 0.0265625 0.0175781
1 0.414063 0.5625 0.0171875 0.0332031
1 0.49375 0.455078 0.0296875 0.0253906
1 0.492188 0.470703 0.0296875 0.0175781
1 0.390625 0.265625 0.0171875 0.0253906
1 0.409375 0.296875 0.0265625 0.0332031
1 0.675 0.199219 0.0234375 0.0332031
1 0.35625 0.734375 0.0328125 0.0292969
1 0.74375 0.148438 0.0203125 0.0410156
1 0.4125 0.736328 0.0234375 0.0332031
1 0.379688 0.761719 0.0296875 0.0371094
1 0.414063 0.294922 0.0109375 0.0175781
