1 0.478125 0.652344 0.0265625 0.0175781
1 0.489063 0.636719 0.0265625 0.0214844
1 0.396875 0.732422 0.0109375 0.0253906
1 0.3875 0.898438 0.0203125 0.0214844
1 0.46875 0.636719 0.0265625 0.0253906
1 0.3875 0.439453 0.0203125 0.0253906
1 0.675 0.376953 0.0359375 0.0292969
1 0.675 0.400391 0.0203125 0.0332031
1 0.409375 0.46875 0.0203125 0.0253906
1 0.742188 0.357422 0.0203125 0.0410156
1 0.353125 0.921875 0.0234375 0.0332031
1 0.329688 0.894531 0.0328125 0.0292969
1 0.414063 0.470703 0.0140625 0.0253906
