1 0.489063 0.640625 0.0265625 0.0214844
1 0.390625 0.447266 0.0203125 0.0253906
1 0.390625 0.904297 0.0203125 0.0214844
1 0.465625 0.640625 0.0265625 0.0253906
1 0.407813 0.476563 0.0203125 0.0253906
1 0.48125 0.65625 0.0265625 0.0175781
1 0.675 0.40625 0.0203125 0.0332031
1 0.398438 0.734375 0.0109375 0.0253906
1 0.675 0.382813 0.0359375 0.0292969
1 0.353125 0.925781 0.0234375 0.0332031
1 0.33125 0.900391 0.0328125 0.0292969
1 0.74375 0.361328 0.0203125 0.0410156
1 0.415625 0.478516 0.0109375 0.0253906
