1 0.476563 0.347656 0.0265625 0.0214844
1 0.414063 0.457031 0.0171875 0.0332031
1 0.490625 0.363281 0.0296875 0.0175781
1 0.66875 0.0605469 0.0265625 0.0175781
1 0.40625 0.189453 0.0265625 0.0332031
1 0.4125 0.634766 0.0234375 0.0332031
1 0.49375 0.347656 0.0296875 0.0253906
1 0.742188 0.0351563 0.0203125 0.0410156
1 0.35625 0.632813 0.0328125 0.0292969
1 0.378125 0.65625 0.0296875 0.0371094
1 0.3875 0.15625 0.0171875 0.0253906
1 0.673438 0.0859375 0.0234375 0.0332031
1 0.4125 0.1875 0.0140625 0.0253906
