1 0.48125 0.625 0.0265625 0.0175781
1 0.398438 0.705078 0.0109375 0.0253906
1 0.470313 0.609375 0.0265625 0.0253906
1 0.409375 0.445313 0.0203125 0.0253906
1 0.390625 0.875 0.0203125 0.0214844
1 0.490625 0.609375 0.0265625 0.0214844
1 0.675 0.371094 0.0203125 0.0332031
1 0.675 0.347656 0.0359375 0.0292969
1 0.390625 0.416016 0.0203125 0.0253906
1 0.745313 0.328125 0.0203125 0.0410156
1 0.33125 0.871094 0.0328125 0.0292969
1 0.353125 0.898438 0.0234375 0.0332031
1 0.415625 0.447266 0.0140625 0.0253906
