1 0.395313 0.71875 0.0109375 0.0253906
1 0.407813 0.455078 0.0203125 0.0253906
1 0.4875 0.625 0.0265625 0.0214844
1 0.3875 0.429688 0.0203125 0.0253906
1 0.3875 0.888672 0.0203125 0.0214844
1 0.465625 0.623047 0.0265625 0.0253906
1 0.675 0.361328 0.0359375 0.0292969
1 0.478125 0.640625 0.0265625 0.0175781
1 0.675 0.386719 0.0203125 0.0332031
1 0.329688 0.884766 0.0328125 0.0292969
1 0.742188 0.34375 0.0203125 0.0410156
1 0.353125 0.910156 0.0234375 0.0332031
1 0.4125 0.460938 0.0109375 0.0253906
