1 0.489063 0.578125 0.0265625 0.0175781
1 0.390625 0.371094 0.0203125 0.0253906
1 0.476563 0.5625 0.0265625 0.0253906
1 0.675 0.292969 0.0359375 0.0292969
1 0.403125 0.832031 0.0203125 0.0214844
1 0.675 0.314453 0.0203125 0.0332031
1 0.496875 0.5625 0.0265625 0.0214844
1 0.407813 0.664063 0.0109375 0.0253906
1 0.410938 0.398438 0.0203125 0.0253906
1 0.36875 0.859375 0.0234375 0.0332031
1 0.745313 0.267578 0.0203125 0.0410156
1 0.346875 0.832031 0.0328125 0.0292969
1 0.415625 0.394531 0.0140625 0.0214844
